1488561494 564
1488562826 564
1488565618 564
1488802494 565
1488809839 640
1488810750 820
1488810773 795
1488882796 795
1488897563 809
1488900074 809
1490288163 809
1493122061 850
1493122985 850
1493123044 851
1493126534 856
1493371958 894
1493372257 894
1493911174 918
1493911252 894
1494257790 894
1494258360 894
1494517093 910
1494525664 908
1494921545 937
1494931621 1072
1494931821 1083
1494931923 1083
1494942788 1083
1494942816 1083
1495037897 1130
1495128234 1130
1495128454 1131
1495179304 1131
1495438332 1131
1495441043 1180
1495538135 1241
1495538836 1241
1495553704 1318
1495554428 1320
1495611223 1320
1495611587 1326
1495716868 1332
1497542058 1224
1498206764 1138
1498464033 1138
1498464175 1156
1498464204 1156
1498464520 1175
1498467058 1191
1498467480 1192
1498467697 1192
1498475693 1219
1498475845 1233
1498476316 1233
1498579163 1236
1500282136 1406
1500282912 1416
1500292596 1421
1500293375 1421
1500298648 1421
1500563629 1422
1500909925 1434
1500972749 1495
1500972792 1495
1501148696 1501
1501510477 1507
1501687939 1510
1502714675 1514
1502714902 1514
1503301774 1517
1503908679 1527
1503909082 1527
1503996574 1536
