1474063775 26
1474067096 28
1474067177 36
1474068798 4412
1474069335 4412
1474070096 4464
1474072156 4476
1474074852 4507
1474074901 4581
1474082947 4629
1474084092 4678
1474096415 4882
1474097276 4882
1474098070 4902
1474098236 4874
1474100526 4869
1474100664 4870
1474101133 4871
1474101718 4883
1474102825 4886
1474102957 4889
1474105254 4892
1474105530 4892
1474108171 4908
1474109684 4908
1474110213 4915
1474111269 4949
1474112216 4949
1474113200 4963
1474117902 4963
1474124108 4988
1474127845 4980
1474132131 4981
1474133470 5051
1474134524 5061
1474135071 5063
1474136414 5055
1474141294 5069
1474144544 5071
1474144574 7547
1474145818 7554
1474147608 7554
1474149017 7549
1474149973 7535
1474150608 7585
1474150901 7625
1474154469 7636
1474154571 7641
1474159914 7721
1474159931 7744
1474168459 7658
1474168543 7717
1474181756 7773
