1479421941 1541
1479422742 1476
1479811436 1691
1480252332 1783
1480607872 1871
1480769767 2079
1480808800 2117
1480872019 2166
1480893768 2172
1481202609 2578
1481220075 2682
1481230523 2873
1482635558 3021
1482960028 3103
1482984051 3301
1483076994 3302
1483081762 3302
1483302709 3521
1483465024 3620
1488271634 3711
1489465242 5222
1489533787 7909
1492475534 7905
1492498422 7902
1492531902 7902
1492775899 7902
1492828082 8005
1492889962 8024
1492999728 8044
1493077441 8041
1493077456 8058
1493129533 8062
1493130707 8064
1493144370 8049
1493157935 8049
1493193814 8049
1493195730 8049
1493216154 8049
1493216186 8070
1493235769 8062
1493240406 8210
1493288476 8211
1493288534 8322
1493291183 8322
1493300911 8322
1493392280 8320
1493493428 8441
1493564734 8444
1493645874 8479
1493854865 8476
1493997763 8622
1494107955 8625
1494179733 8647
1494379612 8683
1494386458 8702
1494750285 8702
1494750331 8702
1494754785 8745
1494809653 8838
1494903579 8834
1494935212 8836
1494988055 8844
1495085199 8843
1495369946 8889
1495420173 8928
1495420675 8975
1495647307 8975
1495711114 8989
1495793828 9015
1496036527 9016
1496229076 9037
1496722420 8985
1496802760 9019
1496830813 8973
1496918289 8977
1497464848 9030
1497701875 9069
1497778409 9099
1497968581 9141
1498429990 9187
1498540147 9184
1499115983 8634
