1484386427 325
1484390211 344
1484392164 349
1484656962 350
1484666826 349
1485119386 373
1485701197 1449
1485702262 2289
1485710911 2276
1485711163 2810
1485724470 2810
1485724549 2943
1485725263 2943
1485725972 2948
1485726213 2971
1485807844 3059
1485816992 3072
1485818009 3077
1485854105 3078
1485857932 3082
1485862472 3094
1485862527 3110
1485887467 3148
1485887621 3269
1485888342 3399
1486492699 3436
1486494215 3473
1486494522 3431
1486499456 3514
1486552623 3556
1486560993 3574
1486600887 3776
1486601598 4035
1486601821 4034
1486602009 4035
1486630950 4048
1486633069 4077
1486634776 4086
1486634808 4102
1486637872 4159
1486639109 4160
1486640225 4160
1486642422 4269
1486643921 4279
1486649181 4296
1486649249 4406
1486655554 4507
1486936967 4747
1486937103 4748
1486937402 4784
1487238150 4801
1487238698 4814
1487253294 4827
1487257912 4840
1487258035 4840
1487273962 4852
1487274165 5148
1487321276 5199
1487341157 5291
1487341204 5322
1487341457 5368
1487347543 5397
1487351474 5416
1487352268 5416
1487352351 5422
1487355806 5439
1487355833 5467
1487364366 5490
1487364409 5499
1487366880 5513
1487366905 5517
1487407572 5539
1487408596 5563
1487418824 5598
1487424401 5601
1487433969 5637
1487434013 5722
1487434498 5721
1487434533 5729
1487436265 5729
1487439012 5729
1487439054 5752
1487443420 5786
1487446502 5785
1487446548 5790
1487705263 5786
1487718337 5814
1487721103 5829
1487788817 5860
1487788835 5881
1487842382 5893
1487842495 5976
1487847815 5983
1487861486 5984
1487874618 6003
1487977031 6004
1487977209 6058
1487979570 6069
1488113559 6077
1488113647 6132
1488113940 6132
1488115124 6135
1488148382 6141
1488148417 6140
1488148521 6153
1488153930 6177
1488154131 6280
1488154137 6309
1488155293 6320
1488195253 6333
1488195263 6354
1488196620 6364
1488196623 6406
1488197681 6420
1488197684 6427
1488198361 6427
1488214162 6476
1488237554 6519
1488273702 6014
1488276993 6039
1488280294 6041
1488287659 6033
1488287670 6053
1488287673 6055
1488288200 6055
1488288475 6067
1488291259 6073
1488291286 6076
1488291367 6080
1488292778 6086
1488366148 6091
1488367910 6093
1488893447 5999
1488893736 5942
1488899981 5942
1489078874 5942
1489078887 5955
1489139846 5965
1489140904 6002
1490049767 6018
