1369856771 43123
1369857894 43123
1369858275 43123
1369859091 43145
1369859542 43145
1369859974 43145
1369860612 43245
1369860762 43245
1369860788 43245
1369860853 43291
1369861282 43291
1369861603 43299
1369866892 43302
1369869469 43303
1369870807 43303
1369910145 43287
1369910322 43285
1369912267 43111
1369912720 43115
1369913742 43135
1369913982 43139
1369914168 43159
1369916055 43159
1369929471 43159
1369935162 43159
1369937387 43159
1369937740 43162
1369939284 43233
1369939797 43233
1369940054 43234
1369941283 43306
1369948773 43240
1369950171 43308
1369950763 43306
1369951606 43308
1369977599 43308
1369977951 43304
1370011182 43413
1370019140 43417
1370040119 43417
1370044358 43424
1370093875 43424
1370116912 43424
1370219149 43436
1370244863 43447
1370245460 43456
1370254939 43488
1370279959 43491
1370281463 43539
1370282281 43701
1370288808 43826
1370289072 43826
1370289206 43826
1370293169 43852
1370293974 43876
1370294791 43884
1370319170 43866
1370332629 43866
1370336055 43866
1370376018 43846
1370379301 43847
1370386681 43847
1370390612 43850
1370447211 43849
1370451731 43849
1370458277 43849
1370469445 43858
1370469600 43862
1370556189 45928
1370556551 44591
1370636177 44582
1370644542 47195
1370653865 44583
1370667854 44566
1370667858 44567
1370667876 45126
1370667885 45126
1370667889 45108
1370667893 45113
1370906159 45408
1370906166 45420
1370906180 45444
1370906183 45472
1370906186 45475
1370906190 45480
1370906737 45648
1370981403 45715
1370992937 45716
1371005676 45948
1371013219 46210
1371015284 46218
1371065733 46218
1371066217 46286
1371078785 46303
1371163798 46388
1371166372 46403
1371166390 46723
1371166398 46721
1371166402 46742
1371166408 46901
1371166411 46898
1371169943 46898
1371170162 46898
1371170167 46894
1371170170 46904
1371172734 46904
1371182027 46904
1371182890 46906
1371217557 46934
1371234464 46935
1371252159 47058
1371253390 47058
1371253503 47180
1371253507 47208
1371253514 46972
1371253525 46978
1371457531 46935
1371457591 46935
1371458211 46935
1371459955 47038
1371460317 47038
1371492515 47022
1371492607 47035
1371498449 46992
1371498459 47138
1371498463 47152
1371499663 47152
1371509725 47142
1371511498 47143
1371511502 47109
1371511508 47150
1371511884 47150
1371514454 47152
1371573099 47175
1371573102 47196
1371576034 47196
1371622438 47196
1371669580 47266
1371682796 47266
1371772281 47303
1371778230 47329
1371847728 47350
1371848005 47366
1371855676 47419
1371855681 47426
1371855686 47451
1372113502 47460
1372115349 47482
1372115358 47482
1372115366 47478
1372115375 47478
1372115378 47486
1372115383 47610
1372115386 47643
1372115390 47644
1372115394 47644
1372117752 47644
1372117756 47644
1372123652 47708
1372123655 47721
1372193801 47704
1372193808 47651
1372193811 47744
1372193816 47811
1372193826 47864
1372194920 47811
1372195341 47833
1372270826 47834
1372270831 47837
1372270836 47838
1372273023 47838
1372282171 47849
1372282174 47847
1372287164 47847
1372364068 47850
1372364388 47941
1372365009 47941
1372375803 47960
1372378679 47964
1372437405 47964
1372452384 47963
1372452389 47991
1372452393 47991
1372454183 47994
1372455047 69595
1372456360 48154
1372462300 48153
1372462425 48155
1372462429 48217
1372462436 48260
1372462440 48251
1372462979 48201
1372708758 48215
1372708789 47971
1372709534 47971
1372712049 47971
1372712232 47972
1372726302 47974
1372786399 48026
1372809158 48010
1372810474 48011
1372810567 48475
1372810899 48475
1372814814 48653
1372814819 48823
1372814835 48475
1372876389 48833
1372876394 48834
1372876398 48835
1372876694 48840
1372882150 48841
1372891699 48842
1372901556 48900
1373066285 48902
1373178020 48902
1373269473 48903
1373308874 48903
1373308879 48905
1373308889 48905
1373308896 48938
1373309319 48950
1373309324 48962
1373309328 49004
1373313071 49008
1373316581 49020
1373333259 49021
1373386857 49021
1373392556 49021
1373492666 49021
1373492672 49026
1373492678 49056
1373492691 49059
1373492701 49065
1373492706 49055
1373492711 49045
1373492716 49083
1373581371 49146
1373588421 49147
1373593363 49112
1373668818 49116
1373668823 49120
1373668841 49122
1373873316 49122
1373910027 49122
1373925974 49126
1373925985 49126
1373930159 58688
1373931777 49277
1373947483 49277
1373999340 49372
1373999344 49567
1373999349 49800
1373999604 50010
1373999622 50149
1373999629 50151
1374000164 50170
1374000682 50156
1374004426 50156
1374005735 50156
1374047767 101058
1374048001 101059
1374050180 101059
1374066829 101076
1374074819 101059
1374075927 101059
1374077522 101077
1374077546 101073
1374079629 101106
1374080476 101131
1374080667 101131
1374085097 101132
1374085198 101160
1374085221 101200
1374085293 50632
1374085530 50631
1374085967 50632
1374087087 50631
1374087149 50631
1374092598 50631
1374093022 50632
1374093172 50635
1374104738 50635
1374110667 50629
1374116207 50653
1374116220 50655
1374250252 50627
1374254597 50611
1374255385 50611
1374256960 50611
1374258410 50629
1374259391 50629
1374277664 50629
1374359798 50814
1374363185 50629
1374513896 50632
1374513997 50627
1374514020 50635
1374527010 50646
1374542204 50646
1374542910 50649
1374542916 50715
1374594174 50812
1374602104 50814
1374625754 50813
1374696807 50813
1374711563 50828
1374711569 50991
1374711576 50980
1374711585 50973
1374711589 50976
1374711594 50902
1374768257 50903
1374862963 50899
1374862972 51086
1374862976 50872
1374874113 51086
1374879382 51102
1374879412 51127
1374879457 51127
1375020137 51132
1375114297 51132
1375121377 51132
1375139473 51224
1375223144 51278
1375313513 51436
1375389670 51436
1375390672 51434
1375663200 51434
1375675755 51434
1375743598 51514
1375823684 51591
1375823733 51598
1376346110 51595
1376356832 51666
1376433352 51666
1376588540 51720
1376588548 51813
1376664418 51813
1376680009 51813
1376689940 51411
1376692443 51353
1376801413 51508
1376936452 51499
1376936777 51542
1376937951 51542
1376942029 51598
1377142219 51111
1377149924 51598
1377191221 51600
1377194362 51598
1377194529 51598
1377211439 50540
1377235523 50541
1377243748 51127
1377288846 50577
1377291396 51124
1377455435 51125
1377534110 51212
1377545509 51201
1377550827 51209
1377552795 58558
1377554036 51209
1377638217 51336
1377639826 51383
1377639966 51383
1377726127 51383
1377822704 51537
1377822733 51537
1377822756 51642
1377822773 51685
1377893711 51718
1377893721 51721
1378142578 51439
1378240216 51449
1378240385 51459
1378240512 51501
1378242943 51510
1378242957 51490
1378257357 52273
1378257364 52361
1378320734 51494
1378333591 51494
1378335069 52525
1378335084 52523
1378338436 52637
1378407247 52662
1378414197 52921
1378431271 52918
1378489770 52919
1378584401 52992
1378587297 53091
1378588083 53093
1378590115 53105
1378590781 53301
1378595894 53314
1378752724 53323
1378752743 53323
1378763733 53335
1378763742 53348
1378763751 53345
1378763976 53301
1378769000 53289
1378770958 53436
1378779785 56245
1378794713 53370
1378826588 53495
1378855293 53509
1378861293 53558
1378863312 53578
1378918303 53592
1378932347 53591
1378934426 53590
1378940639 53593
1378943671 53599
1378943688 53619
1379159297 53619
1379163546 53621
1379163556 53625
1379163565 53629
1379450159 53634
1379453323 53634
1379453346 53634
1379459536 54106
1379526012 54106
1379527856 54106
1379549789 54275
1379621652 54109
1379624447 54206
1379627209 54244
1379699961 54249
1379780902 55140
1379881465 54249
1379887776 54249
1379978186 54556
1379978203 54742
1380002454 54744
1380050032 55070
1380062837 55144
1380063652 55144
1380132504 55080
1380228334 55080
1380235743 55086
1380423438 55086
1380576072 55086
1380648921 55102
1380651934 55105
1380658496 55105
1380659481 55400
1380659555 55399
1380659888 55424
1380667567 55503
1380667574 55503
1380669438 55503
1380670138 55499
1380675270 55475
1380776742 55576
1380825503 56636
1380832340 55476
1381046050 55986
1381057705 56264
1381182800 55576
1381182816 55584
1381182850 55825
1381182871 55884
1381182955 55878
1381182987 55881
1381183001 55912
1381183160 55925
1381185167 55958
1381253211 55986
1381270349 55986
1381274477 55988
1381276471 56182
1381333841 56259
1381342038 56260
1381342056 56261
1381342289 56261
1381342301 56264
1381344760 56649
1381520765 56269
1381531321 56275
1381537858 56210
1381775076 56216
1381795826 56245
1381858605 56247
1381858627 56255
1381863418 56424
1381863899 56424
1381885065 56651
1381885074 56643
1381885348 56644
1381886124 56644
1381887688 56644
1381897646 56644
1381901968 56644
1381948922 56644
1381948989 56731
1381971411 56731
1382020567 56766
1382373579 56733
1382380613 56756
1382394001 56670
1382410591 56651
1382474982 56649
1382489964 58877
1382749123 56649
1382749918 56650
1382750026 56650
1382834322 56654
1382917666 56662
1383004819 56739
1383011599 56739
1383071191 56755
1383076320 56780
1383176819 56840
1383176864 56838
1383176909 56840
1383240134 56840
1383252316 56838
1383258298 56812
1383344950 56812
1383356150 56813
1383545772 56114
1383593093 56828
1383593274 56828
1383594119 56702
1383613465 56702
1383678604 56678
1383679740 56678
1383680934 56680
1383690385 56821
1383692697 56823
1383693465 56820
1383695573 56822
1383699321 56972
1383699402 55989
1383703856 55989
1383708167 55989
1383761791 55989
1383807358 56114
1383807379 56123
1383839574 56129
1383848458 56414
1383850654 56415
1383852979 56410
1383946040 56410
1383950331 56414
1383958432 56508
1383958671 56508
1384113161 56414
1384208905 56414
1384215770 56518
1384215797 56518
1384364386 57108
1384374237 56519
1384374514 56521
1384374780 56518
1384375193 56536
1384383036 56536
1384392668 56536
1384452531 56590
1384454227 56590
1384454253 56592
1384454888 56593
1384457046 56627
1384469981 57102
1384482451 57102
1384800017 57103
1384800058 57141
1384800102 57566
1384800121 57700
1384812236 57861
1384825539 57859
1384826424 57934
1384827734 57934
1384887556 57927
1384887670 57930
1384898194 58022
1384903095 58029
1384903500 58029
1384905162 58027
1384976471 58029
1384976842 58029
1384984938 58029
1384984961 58029
1384984975 58031
1384984990 58111
1384985005 58111
1384985032 58118
1384985041 58118
1384985050 58118
1384990614 58118
1384995255 58123
1385058719 58153
1385060877 58148
1385084688 58184
1385327219 58184
1385355215 58184
1385400592 58180
1385581575 58179
1385582071 58185
1385582254 58181
1385582430 58285
1385582475 58398
1385583280 58398
1385583771 58400
1385590473 58421
1385591282 58422
1385591306 58425
1385592522 58439
1385607010 58441
1385934792 58456
1385935213 58458
1385936471 58497
1385951201 58525
1385953634 58568
1385968011 58566
1385976088 58753
1385978350 58760
1385979576 58883
1385985885 58566
1386004027 58580
1386010236 58893
1386016718 58876
1386019540 58559
1386019836 58559
1386026029 58559
1386027980 58559
1386029016 58552
1386033655 58775
1386033679 58739
1386107414 58921
1386170665 58921
1386171477 58925
1386182075 58539
1386192029 58554
1386194069 58560
1386207959 58734
1386208031 58737
1386208062 58731
1386208078 58682
1386220036 58682
1386284117 58705
1386284152 58705
1386287499 58753
1386287749 58753
1386290851 58765
1386291010 58737
1386292432 58737
1386306503 58925
1386358262 58739
1386360196 58929
1386360700 58929
1386371457 58928
1386371485 58928
1386620373 58985
1386632942 58984
1386633098 59015
1386633256 59016
1386633827 59018
1386661491 59018
1386748545 59019
1386798021 59050
1386798040 59051
1386888830 59047
1386891211 59047
1386959026 59047
1387100730 59055
1387299781 59093
1387307907 59095
1387308068 59095
1387310067 59095
1387310460 59224
1387316991 59095
1387324125 59182
1387333313 59183
1387333354 59205
1387334354 59205
1387345881 59224
1387407177 59224
1387412212 59254
1387414069 59254
1387474517 59270
1387477903 59271
1387478509 59299
1387478542 59347
1387487767 59347
1387491301 59347
1387576793 59348
1387585477 59370
1387591119 59373
1387591539 59383
1387591620 59515
1387591853 67321
1387699635 60104
1387733942 60104
1387740986 60240
1387776603 60241
1387818243 60346
1387819879 60354
1387821233 60354
1387825671 60382
1387825872 60441
1387841788 60453
1387846012 60466
1387846473 60467
1387855816 60462
1387866116 60530
1387867440 60523
1387869666 60523
1388033190 60527
1388038513 60612
1388077461 60612
1388167742 60612
1388170762 60656
1388193120 60703
1388193256 60732
1388195244 60768
1388195985 60770
1388199216 60778
1388199296 60779
1388289933 60784
1388297299 60785
1388297708 60789
1388301454 60791
1388301472 60793
1388424493 60912
1388426691 60912
1388427799 60914
1388441341 60976
1388442499 62787
1388445163 62779
1388449466 60986
1388450271 60986
1388464805 60986
1388465819 61784
1388512630 61790
1388521334 61791
1388613921 61792
1388635106 61817
1388674790 61871
1388693093 61890
1388693366 61890
1388706047 61891
1388706070 62044
1388706702 64155
1388716093 62152
1388716125 62207
1388716239 62218
1388716285 62241
1388716296 62247
1388720539 62283
1388720641 62289
1388720677 62290
1388772206 64257
1388776199 62290
1388794030 62300
1388801416 62312
1388816271 62315
1388816375 62315
1388819399 62394
1388860916 62406
1388974566 62408
1388974580 62409
1388983295 62409
1388983308 62490
1389028269 62582
1389029783 62515
1389029798 62427
1389029815 62427
1389030018 62584
1389030221 62427
1389030231 62432
1389030244 62460
1389031390 62490
1389032934 62476
1389038101 62479
1389047880 62506
1389051397 62520
1389051855 62538
1389053795 62543
1389054094 62539
1389054265 62602
1389054402 62602
1389060518 62604
1389061254 64018
1389061329 64020
1389061971 63990
1389062420 63990
1389062435 63998
1389063438 63988
1389067826 63990
1389071552 63985
1389128303 64019
1389150226 64070
1389156406 64020
1389157606 64068
1389209095 64068
1389209914 64068
1389210325 64068
1389223427 64063
1389224039 64063
1389288099 64063
1389296365 64310
1389300778 64107
1389301687 64146
1389314067 64159
1389314087 64162
1389314097 64163
1389314107 64236
1389322221 64257
1389376519 64284
1389409330 64284
1389413277 64292
1389413598 64297
1389413611 64307
1389413770 64318
1389413867 64356
1389413881 64357
1389511306 64358
1389511775 64358
1389560616 64560
1389588017 64560
1389631889 64560
1389632180 64560
1389632673 64560
1389646242 64557
1389646428 64581
1389652687 64583
1389725135 64633
1389754085 64639
1389754734 64692
1389762685 64747
1389762807 64692
1389806159 64699
1389811106 64703
1389812676 64703
1389812830 64699
1389813122 64700
1389814792 64699
1389832019 64847
1389832079 64848
1389832093 64849
1389832132 64808
1389895733 64817
1389899457 65207
1389952406 64881
1389983306 65291
1389988595 64828
1389991601 65309
1389991607 64817
1389991620 64887
1389991645 64888
1389992706 64828
1390002297 64826
1390004753 64882
1390004912 64882
1390006600 64885
1390009360 64885
1390009373 64885
1390010503 64889
1390012071 64889
1390024164 64912
1390249117 64966
1390253202 64994
1390333243 64988
1390338237 64987
1390348804 65291
1390352964 65302
1390353768 65302
1390416853 65306
1390498828 65304
1390509177 65249
1390511417 65249
1390511853 65293
1390511878 65309
1390563494 65309
1390612211 65457
1390850793 65457
1390853395 65457
1390874478 65465
1390879292 65465
1391023185 65465
1391028270 65615
1391028346 65617
1391028606 65624
1391028625 65656
1391029582 65617
1391107228 65656
1391107248 65651
1391122234 65730
1391122311 65732
1391131799 65763
1391194626 65763
1391211237 65763
1391235037 65764
1391236238 65764
1391286821 66267
1391308543 65768
1391308605 65832
1391308992 65833
1391376898 65834
1391456914 65838
1391456933 65838
1391456957 65840
1391468897 65840
1391472073 65820
1391472577 65840
1391474853 66136
1391480266 65843
1391492607 65865
1391495483 65865
1391537466 65850
1391538262 65823
1391538334 65826
1391546381 65833
1391547544 65841
1391547636 65836
1391555381 65839
1391572315 65838
1391626889 65839
1391629058 65870
1391642393 65996
1391644266 66002
1391646223 66001
1391647352 66026
1391658283 66026
1391669953 66026
1391711439 66152
1391731197 66133
1391748047 66152
1391750336 66152
1391759998 66152
1391760502 66153
1391809537 66234
1391809594 66234
1391810396 66256
1392002291 66258
1392057479 66263
1392059596 66313
1392059614 66311
1392062443 66265
1392071824 66256
1392077935 66256
1392095773 66257
1392103379 66265
1392138014 66467
1392139229 66479
1392139629 66483
1392158535 66497
1392188276 66497
1392227290 66488
1392233720 66492
1392233740 66520
1392233760 66526
1392233781 66542
1392236506 66741
1392236717 66534
1392249110 66593
1392249123 66641
1392249149 66685
1392249162 66793
1392266717 67463
1392276229 66793
1392284180 66782
1392317287 66786
1392317300 66802
1392317317 66804
1392317337 66819
1392317359 66827
1392332591 67173
1392335899 67220
1392343752 67216
1392343887 67232
1392343901 67234
1392354649 67237
1392356355 67237
1392356869 67236
1392357017 67237
1392357112 67239
1392357462 67241
1392358419 67289
1392360051 67248
1392361422 67263
1392362381 67263
1392400324 67264
1392408240 67292
1392412238 67300
1392420964 67339
1392431058 67265
1392452574 67360
1392493914 67437
1392497622 67438
1392500956 67179
1392502053 67179
1392510253 67321
1392515357 67321
1392533622 67321
1392577080 67323
1392581514 67324
1392583756 67326
1392588269 67328
1392588485 67331
1392588702 67331
1392590403 67331
1392600910 67331
1392659503 67464
1392662508 67464
1392662529 67464
1392682213 67464
1392688431 67537
1392695093 67556
1392759744 67559
1392772003 67559
1392775483 67562
1392776442 67564
1392788610 67564
1392793095 67587
1392793110 67672
1392794845 67688
1392799695 67688
1392836334 67774
1392837567 67836
1392838443 67838
1392862220 67858
1392875249 68002
1392876710 68007
1392877048 68088
1392879209 68088
1392899577 68090
1392921106 68091
1392925214 68091
1392930909 68094
1392938394 68096
1392939071 68293
1392940745 68279
1392940805 68277
1392940819 68283
1392940857 68340
1392945701 68342
1392952394 68342
1393011026 68342
1393013583 68342
1393027119 68409
1393202967 68409
1393278896 68760
1393279065 68663
1393279807 68665
1393280652 67347
1393280709 67347
1393284317 67347
1393291137 67493
1393291225 67493
1393293782 67493
1393375501 67483
1393376460 67484
1393455827 67485
1393548101 67501
1393623748 67502
1393712698 67497
1393722072 67497
1393806095 67497
1393868218 67651
1393868239 67653
1393868328 67640
1393868350 67643
1393868374 67659
1393868396 67707
1393868416 67795
1393868452 67800
1393868480 67820
1393872028 67648
1393886250 67780
1393889654 67941
1393889677 67941
1393957679 67944
1393985445 68435
1393985514 68567
1393985533 68576
1393997986 68578
1394050700 68579
1394075602 68579
1394079790 68591
1394132548 68591
1394166479 68588
1394219909 68596
1394256235 68598
1394338545 68599
1394476150 68626
1394490391 68836
1394490456 68845
1394512175 68843
1394558004 68852
1394578100 68851
1394667472 68851
1394752990 68957
1394753027 68971
1394841372 68957
1395032101 68975
1395032112 68970
1395034230 68976
1395034284 68976
1395034380 68978
1395034934 68982
1395076043 68983
1395158698 68963
1395167121 68983
1395179533 68942
1395179697 68944
1395179708 68944
1395179726 68965
1395179746 68965
1395190096 68971
1395203619 68971
1395205405 68969
1395205484 68969
1395205603 69040
1395268650 69040
1395340911 69040
1395361731 69049
1395363399 71683
1395406488 69082
1395419457 69097
1395437441 69195
1395439132 69195
1395775787 69200
1395775811 69153
1395775841 69385
1395775872 69420
1395775905 69420
1395775962 69458
1395945772 69458
1395951444 69454
1395951459 69458
1395989852 69458
1396032889 69384
1396032905 69397
1396037354 69397
1396038645 69455
1396041965 69455
1396049704 69455
1396063658 69455
1396074137 69462
1396074260 69462
1396210429 69469
1396213398 69474
1396220948 69476
1396221956 69484
1396244595 69484
1396369808 69485
1396372613 69480
1396384822 69480
1396387938 69482
1396397234 69471
1396476099 69471
1396535612 69471
1396542341 69527
1396542653 69562
1396544167 69563
1396562744 69565
1396563042 71518
1396575719 71518
1396632043 71526
1396641184 71529
1396642926 71567
1396851471 71570
1396898878 71733
1396910570 71683
1396910794 71689
1396916040 71690
1396919494 71706
1396977055 71973
1396992226 71995
1396995849 72005
1396997119 72005
1397005896 72014
1397063140 72014
1397090981 72027
1397090991 72051
1397091001 72051
1397091013 71968
1397241485 71996
1397241803 71991
1397259406 72022
1397259414 72029
1397261764 72075
1397263347 72073
1397264522 72088
1397274509 72136
1397289517 72172
1397373806 72182
1397424233 72182
1397424338 72182
1397495675 72200
1397495714 72202
1397498771 72202
1397508308 72217
1397510843 72219
1397517724 72219
1397518126 72219
1397520196 72220
1397521220 72226
1397591997 72229
1397594840 72229
1397604630 72288
1397670785 72270
1397723458 72282
1397764229 72296
1397850409 72283
1397850450 72281
1397850459 72467
1397850471 72461
1397850481 72458
1398019296 72462
1398120069 72497
1398120077 72496
1398120086 72498
1398284859 72493
1398284870 72493
1398292505 72023
1398293148 72498
1398295311 72050
1398296570 72058
1398296951 72061
1398364675 72088
1398376934 72082
1398379519 72082
1398381013 72082
1398449427 72082
1398551912 72082
1398629758 72145
1398729622 72166
1398794294 72241
1398796430 72227
1398796470 72228
1399041740 72282
1399041883 72282
1399057520 72282
1399067766 72305
1399069347 72312
1399171512 72312
1399320628 72312
1399324742 72430
1399332333 72430
1399334097 72436
1399334385 72617
1399392591 72436
1399419614 72430
1399485277 72449
1399485665 72449
1399486159 72453
1399507925 72453
1399567609 72473
1399568873 72473
1399571264 72473
1399575152 72473
1399591603 73200
1399604239 73200
1399654900 73200
1399660698 73200
1399755026 73201
1399882441 73201
1399883633 73201
1399927200 73229
1399927461 73229
1399937406 73252
1399966829 73375
1400003223 73344
1400005739 73348
1400049218 75181
1400128740 73349
1400181395 73304
1400190531 73311
1400341577 74698
1400364890 73307
1400376831 73307
1400392285 73307
1400392382 73307
1400392936 73312
1400421383 74709
1400443451 73319
1400517536 73341
1400530525 73343
1400530634 73375
1400531289 73356
1400610150 73375
1400610199 73375
1400610216 73374
1400696789 73374
1400700628 73375
1400710611 73421
1400711993 73421
1400797728 73665
1400799109 73670
1400814957 73670
1400869364 73709
1400884481 73708
1400886587 73708
1400911285 73790
1400911393 73790
1401037389 73586
1401160494 73790
1401160756 73580
1401161268 73582
1401214029 73586
1401223448 73586
1401226285 73605
1401297299 73625
1401298118 73624
1401314878 73583
1401323636 73585
1401345045 73585
1401346417 73585
1401388911 73600
1401394842 73600
1401494681 73600
1401831376 73608
1401997464 73609
1402091882 74716
1402257880 73613
1402433146 73613
1402433617 73613
1402506871 73636
1402507147 74696
1402508068 73639
1402511257 73644
1402519456 73645
1402519467 73649
1402601693 73649
1402615759 73649
1402629573 73768
1402630469 73788
1402694690 73790
1402802113 73790
1402802129 73797
1402802170 73863
1402802231 73861
1402949264 73859
1402951301 73884
1402952196 73884
1403022479 73921
1403040084 73921
1403063713 73924
1403072385 73929
1403115424 73929
1403116171 73974
1403136965 74125
1403149639 73974
1403201891 74127
1403205294 74635
1403205673 74634
1403206396 74635
1403276106 74693
1403278459 74700
1403291538 74715
1403464271 74716
1403554415 74726
1403555916 74726
1403632881 74743
1403632942 74711
1403644210 74719
1403647939 74718
1403662459 74724
1403723252 74924
1403756682 74715
1403758974 74726
1403807874 74781
1403820843 74781
1403821164 74781
1403821470 74787
1403822180 75127
1403822225 75144
1403888441 75144
1403917021 75147
1403932602 75147
1404001977 75176
1404103842 75168
1404115349 75164
1404150509 75164
1404163164 75167
1404173698 75168
1404186437 75246
1404186783 75387
1404186799 75470
1404186811 75469
1404186830 75474
1404263494 75467
1404326664 75794
1404330349 75505
1404335190 75505
1404339216 75505
1404348078 75506
1404406602 75506
1404410716 75504
1404420821 75502
1404423923 75551
1404795411 75556
1404854436 75617
1404854836 76611
1404854858 76613
1404854868 76614
1404855634 75622
1404872573 75634
1404932574 75800
1404935371 75643
1404937729 75725
1405037625 75797
1405047877 75800
1405050085 75800
1405100167 75662
1405100198 75662
1405113046 75663
1405113353 75729
1405114002 75729
1405114510 75744
1405115317 75749
1405115446 75750
1405115516 75752
1405116004 75765
1405116562 75796
1405117404 75796
1405117968 75796
1405119658 75779
1405217340 75779
1405219801 75780
1405219845 75780
1405279588 75780
1405281281 75927
1405281792 75929
1405282190 75929
1405373748 75930
1405382830 75930
1405382923 75930
1405399234 75934
1405447756 75967
1405467374 75970
1405488873 75970
1405490423 75987
1405490617 75970
1405541276 76007
1405545450 76080
1405545467 76118
1405548827 76122
1405577958 76130
1405578174 76126
1405627193 76126
1405629336 76324
1405629808 76126
1405632142 76324
1405632187 76331
1405635311 76332
1405635598 76331
1405635724 76331
1405702992 76610
1405703004 76613
1405703014 76614
1405703033 76622
1405703045 76643
1405703060 76641
1405706181 76331
1405725214 76331
1405726803 76373
1405739269 76371
1405806256 76641
1405844212 76646
1405881924 76648
1405979227 76648
1405983341 76633
1405984692 76692
1406004127 76681
1406068490 76742
1406069415 76742
1406071747 76743
1406135569 76743
1406163759 76735
1406166035 76751
1406230867 76831
1406231599 76752
1406234281 76759
1406260812 76756
1406277255 76754
1406320399 76541
1406331535 76831
1406332068 76529
1406463595 76657
1406491580 76657
1406493012 76657
1406502324 76686
1406540815 76686
1406540905 76686
1406609836 76686
1406664020 76698
1406667964 134216
1406690131 76800
1406690159 76806
1406739864 76806
1406740109 76851
1406741476 76853
1406742179 76853
1406747029 76853
1406750963 76859
1406754178 75197
1406781577 76859
1406792033 76861
1406832261 76859
1406844669 76919
1407051709 76919
1407082977 77033
1407084707 77033
1407166522 77033
1407166609 77033
1407187516 77033
1407214071 77034
1407272265 76965
1407301858 77038
1407349259 76964
1407368011 76970
1407529523 76979
1407632055 76979
1407704360 76979
1407776856 76980
1407777488 77085
1407785170 77085
1407789443 75177
1407812968 75177
1407875009 75179
1407968617 75874
1407969147 75878
1407969463 75880
1407969640 75879
1407972530 75879
1407972622 75879
1407976011 75896
1407976046 75900
1407976608 75907
1407976724 75994
1407983356 75994
1408049985 75983
1408054384 75998
1408151283 76045
1408330374 76045
1408383423 76049
1408399862 76050
1408405664 76051
1408406046 76050
1408410657 76051
1408497031 76075
1408515277 76058
1408515383 76233
1408515393 76261
1408515401 76268
1408515413 76269
1408515424 76275
1408519466 76243
1408558931 76242
1408560481 76243
1408563904 76264
1408567005 76400
1408580827 76406
1408732607 76411
1408947581 76414
1409164613 76463
1409171620 76483
1409253088 76552
1409327407 76554
1409327445 76554
1409327477 76544
1409327497 76542
1409327508 76542
1409327563 76542
1409380634 75122
1409428498 76545
1409428520 76545
1409440138 76546
1409444651 76547
1409444749 76547
1409684265 76547
1409691801 76552
1409691905 76572
1409770754 76572
1409780861 76574
1409783828 76588
1409791609 76590
1409853253 76590
1409873195 76590
1409939964 76590
1409946127 76590
1409951437 76646
1409951613 76647
1409952894 76661
1410115887 76661
1410125463 76667
1410141157 76192
1410210969 76189
1410211808 76191
1410215786 76197
1410218619 76201
1410230220 76201
1410280911 76202
1410301598 76228
1410303639 76228
1410380507 76230
1410456992 76230
1410470095 76270
1410474386 76270
1410476351 76283
1410545185 76397
1410546869 76397
1410566405 76400
1410887484 74434
1411090384 76401
1411416546 76401
1411418317 76403
1411421379 76382
1411421538 76382
1411422078 76382
1411422158 76382
1411423319 76382
1411504450 76386
1411517213 76386
1411589325 76709
1411598136 76712
1411658953 76712
1411659182 76708
1411740302 75969
1411779264 75996
1411779272 76003
1411779289 76001
1411779310 76001
1411779367 76005
1411798302 76005
1412019623 76005
1412358571 76118
1412702774 76007
1412702783 76015
1412702792 76072
1412703879 76007
1412714684 76071
1412717220 76071
1412720779 76070
1412720997 76071
1412790897 76071
1412795408 76016
1412797703 76015
1412798941 75995
1412807058 75943
1412879399 75943
1412898097 76031
1412899206 76035
1412962818 76049
1412966786 76039
1412969625 76078
1412970013 76080
1412985525 74080
1413228615 74088
1413230125 74088
1413307311 74119
1413309200 74340
1413354061 74341
1413354237 74364
1413355735 74363
1413392963 74363
1413395313 74367
1413415356 74435
1413417717 74435
1413476941 74489
1413485563 74477
1413496610 74477
1413498851 74627
1413557920 74779
1413558961 76341
1413572477 74779
1413759075 76980
1413827806 74779
1413828096 74787
1413850676 74812
1413925882 74683
1413926416 74708
1414008836 75113
1414011755 75112
1414012794 75112
1414027088 75567
1414086837 75577
1414090915 75567
1414093817 75605
1414093883 75602
1414094020 75622
1414347140 75616
1414428186 75631
1414450044 75630
1414452727 75630
1414520282 76341
1414520433 76341
1414521657 76341
1414531578 76341
1414531806 76382
1414533717 76382
1414544432 76126
1414561765 76126
1414608275 76126
1414630964 76126
1414631028 76126
1414687382 76126
1414695938 76124
1414695981 76124
1414775492 76124
1414779777 76135
1414784378 76134
1415067901 76184
1415122632 76184
1415140579 76184
1415140689 76183
1415141189 76184
1415214012 76184
1415224163 76184
1415233538 76190
1415244251 76416
1415306415 76474
1415311473 76474
1415311510 76482
1415315739 76482
1415332390 76861
1415408106 76863
1415408218 76879
1415408329 76879
1415427963 76882
1415741133 76882
1415769772 77070
1415785906 76978
1415788622 76953
1415904296 76941
1415904335 76941
1416080607 76953
1416085362 76898
1416094146 77127
1416096114 76894
1416099445 77088
1416171456 77105
1416180904 77124
1416184559 77124
1416201187 76863
1416251225 77160
1416264454 77097
1416272898 77258
1416273819 77261
1416274892 77317
1416297474 78086
1416299076 78095
1416333727 77341
1416343868 77339
1416347499 77306
1416368028 77306
1416406535 77306
1416410167 77306
1416431563 77353
1416433430 77288
1416440973 77286
1416512934 77392
1416599666 77392
1416599676 77392
1416608852 77395
1416821160 77417
1416825203 77434
1416828522 77434
1416868943 77432
1416877693 77436
1416939887 77548
1416957087 77530
1416958526 77519
1416958933 77425
1416962626 77519
1416963129 77578
1417028979 77578
1417029000 77578
1417029321 77579
1417036104 77579
1417048620 77581
1417373304 77581
1417429000 77615
1417464810 77615
1417478596 77619
1417546445 77624
1417547420 77626
1417547433 77607
1417547966 77622
1417559959 77621
1417633050 77621
1417634020 77621
1417634648 77621
1417634661 77621
1417645189 77625
1417748492 77629
1417748554 77631
1417914741 77631
1417938643 77631
1418070126 77633
1418162697 77633
1418253175 77769
1418345695 77784
1418346506 77981
1418406427 78033
1418442808 78127
1418590851 78127
1418591314 78126
1418596396 78040
1418596417 78090
1418623963 78086
1418678198 78086
1418752103 78095
1418764132 78130
1418764580 78144
1418765944 78181
1418842009 78129
1418861870 78129
1418864052 78130
1418864174 78130
1418933614 78128
1418934902 78181
1418938965 78181
1418940930 78181
1418944416 78217
1418955366 78752
1419022892 78789
1419028206 78789
1419116437 78789
1419282349 78886
1419285370 78886
1419285404 78886
1419365063 78884
1419378180 78929
1419379139 78929
1419532967 78929
1419547654 78936
1419873026 78898
1419873262 78898
1419875149 78997
1419950718 78997
1420477519 78997
1420477546 78997
1420479278 78997
1420493354 78997
1420493563 79028
1420493956 79071
1420501332 79071
1420501384 79082
1420656410 79082
1420665053 79145
1420666041 78665
1420672591 78665
1420678052 78674
1420926845 78674
1421088164 78516
1421091952 78516
1421175656 78811
1421176986 79421
1421177753 79421
1421178052 78934
1421186596 78995
1421190345 79205
1421191674 79251
1421194335 79264
1421196879 79269
1421264263 79433
1421350587 79433
1421358454 79370
1421363323 79374
1421365010 79416
1421369105 79421
1421438914 79420
1421442319 79426
1421442343 79467
1421442372 79829
1421442400 80027
1421442600 80027
1421443108 80039
1421454082 80101
1421526081 80101
1421783850 80084
1421792833 80277
1421792920 80277
1421793589 80277
1421800918 80857
1421800947 80857
1421807211 80857
1421808939 80861
1421868533 80869
1421883272 80922
1421889751 80923
1421895393 80923
1421896021 80923
1421944049 80923
1421952767 80950
1421959852 80950
1421960153 80949
1421960331 80956
1421962747 80991
1421967385 80990
1421971311 81002
1421975248 81002
1421979545 80984
1421982835 80980
1422038507 81015
1422040222 81016
1422065210 80902
1422165276 80900
1422299418 81275
1422317140 81488
1422318729 81488
1422321558 82106
1422321661 82132
1422325977 82171
1422338802 82183
1422343814 82218
1422344250 82218
1422349064 82316
1422349616 82343
1422350790 82351
1422383947 82351
1422383965 82355
1422384914 82384
1422388716 82384
1422388740 82384
1422394736 82317
1422398715 82317
1422403212 82318
1422420668 82324
1422420699 82326
1422420859 82327
1422422015 82327
1422647380 82489
1422648873 82500
1422649364 82504
1422672354 82517
1422724882 82517
1422730594 82559
1422903935 82559
1422904530 82559
1422904588 82559
1422904690 82559
1422904900 82617
1422904965 82619
1422905132 82625
1422907870 82625
1422908465 82624
1422908778 82628
1422909228 82636
1422943633 82651
1422943648 82665
1422950266 82673
1422986188 82944
1422989181 82942
1423011146 83109
1423054074 83111
1423079105 83112
1423079187 83112
1423079587 83128
1423091948 83136
1423092157 83140
1423097823 83145
1423107371 83145
1423125696 83236
1423162238 83236
1423166027 83229
1423179397 83247
1423257270 83247
1423258386 83247
1423271820 82448
1423271866 82460
1423504741 82541
1423505324 82541
1423505537 82543
1423505857 82549
1423521124 82570
1423521148 82567
1423522246 82915
1423522701 82914
1423534636 82914
1423591114 82956
1423616892 82950
1423680837 83160
1423682072 83160
1423683288 83160
1423683317 83160
1423684726 83177
1423687515 83177
1423702013 83177
1423777673 83210
1423784242 83204
1423855367 83204
1423856351 83390
1423864506 83397
1423870661 83415
1423871043 83408
1423871101 83408
1423876313 83459
1423880809 83467
1423880883 83461
1424128812 83897
1424131508 83461
1424136383 83462
1424199342 83462
1424199522 83462
1424200039 83468
1424200233 83469
1424202654 83469
1424214573 83590
1424215174 84169
1424216478 83596
1424217738 83616
1424226392 83617
1424288587 83639
1424296937 83914
1424308976 83916
1424310432 83938
1424324258 83949
1424371706 83958
1424374922 83958
1424380714 83954
1424384554 83953
1424389398 83980
1424390030 84003
1424390051 84020
1424390798 84045
1424390981 84059
1424394148 84059
1424394893 84059
1424397122 84063
1424399796 84076
1424399977 85996
1424400186 84081
1424408384 84106
1424449218 84169
1424474377 84193
1424480436 84197
1424635710 84204
1424638645 84202
1424638721 84204
1424638865 84203
1424639443 84204
1424640745 84204
1424644839 84204
1424798663 84206
1424806015 84435
1424810368 84435
1424810775 84435
1424814937 84514
1424897177 84514
1424914507 84514
1424986415 84513
1424996958 84515
1425079702 84518
1425159110 84516
1425271705 84516
1425324010 84516
1425327050 84536
1425327320 84880
1425329215 84907
1425329272 84949
1425331141 84956
1425407588 84956
1425408007 85097
1425410625 85098
1425410752 85098
1425411664 85098
1425411826 85098
1425415377 85156
1425415632 85156
1425420245 85156
1425488798 85217
1425489922 85219
1425501029 85219
1425523518 85233
1425601684 85233
1425603073 85239
1425665265 85239
1425788877 85239
1425922528 85248
1425932381 85248
1425933806 85253
1425933950 85252
1425934009 85252
1425934059 85279
1425961944 85274
1426004271 85331
1426005587 85374
1426007039 85374
1426010854 85387
1426010867 85402
1426013855 85415
1426015765 85432
1426017462 85521
1426017738 85533
1426020195 85533
1426020295 85603
1426020372 85546
1426021012 85819
1426021064 85824
1426022523 85826
1426023863 85880
1426023884 85880
1426024064 85880
1426025143 85880
1426025195 85880
1426026240 85962
1426026273 85971
1426026299 85975
1426026690 85997
1426026698 86052
1426026710 86052
1426026752 86054
1426026763 86051
1426026809 86051
1426026909 86063
1426026987 86063
1426027503 86139
1426088089 86161
1426088876 86186
1426112757 86187
1426112904 86186
1426113977 86224
1426114024 86224
1426114298 86223
1426114374 86223
1426116446 86223
1426194743 86223
1426207522 86396
1426209942 86399
1426291621 86411
1426294502 86438
1426295097 86456
1426523325 86452
1426528986 86452
1426535399 86463
1426537353 86463
1426537475 86463
1426539868 86465
1426544066 86465
1426545580 86490
1426546434 92925
1426547688 86489
1426547703 86493
1426549222 92901
1426549293 92925
1426549317 92972
1426554501 92871
1426569693 92893
1426615720 92893
1426626856 92939
1426626897 92939
1426627023 92939
1426706935 91455
1426794341 91455
1426794981 91683
1426795749 91683
1426799726 91656
1426870969 91665
1426872731 91705
1426879793 91688
1426970602 91688
1427129113 91687
1427134188 91687
1427147396 91686
1427147648 91686
1427229001 91671
1427229016 91987
1427229587 91930
1427229694 91930
1427230622 91931
1427231111 91939
1427231916 91964
1427305875 91964
1427306069 91970
1427306141 91970
1427309735 92030
1427310941 92030
1427311027 92033
1427325614 93839
1427326518 93837
1427327593 93837
1427328069 94034
1427328386 94034
1427328402 94033
1427329259 94850
1427329432 94850
1427330635 94859
1427332249 94859
1427389569 94869
1427389843 94885
1427398199 94884
1427403085 94884
1427405262 94882
1427405972 94909
1427481594 99970
1427563995 99972
1427564036 99972
1427565315 99972
1427603189 99972
1427650224 99972
1427725400 100067
1427738129 135515
1427738226 135550
1427739044 135550
1427739396 135552
1427739623 135552
1427739955 135552
1427741214 135626
1427750109 135625
1427750437 136143
1427754433 136145
1427823044 136145
1427834990 136145
1427846595 136145
1427846802 136145
1427915635 136145
1427917084 136154
1427923942 136217
1427924022 136221
1427926652 136217
1427935209 136224
1427999389 136224
1428008111 136222
1428009215 137234
1428012039 137234
1428012075 137234
1428077523 137234
1428211610 137234
1428216425 137234
1428437611 137257
1428437684 137257
1428450550 137412
1428453232 137412
1428513012 137412
1428514146 137462
1428514284 137466
1428514497 137466
1428514766 137466
1428529793 137383
1428532087 137323
1428532396 137323
1428532436 137323
1428545924 137344
1428598870 137344
1428600426 137346
1428608157 137347
1428610886 137096
1428614666 137096
1428622177 137216
1428622644 137343
1428686200 137345
1428686686 137343
1428693329 137353
1428699297 137332
1428943688 137332
1428956310 137332
1428964794 137352
1428968659 136052
1429043802 136052
1429054273 136058
1429141345 136058
1429144847 136095
1429287211 136120
1429290507 136172
1429290567 136172
1429294365 136142
1429305745 136142
1429321149 136239
1429349015 136639
1429396411 136188
1429398221 136239
1429482119 136239
1429548023 136239
1429551678 136265
1429551936 136266
1429552949 136266
1429562506 136223
1429653883 136229
1429721126 136227
1429721878 136242
1429725280 136262
1429726898 136262
1429734902 136262
1429738146 136417
1429744316 136419
1429747452 136430
1429749460 136437
1429855427 136451
1429901493 136548
1429902504 136547
1430022223 136547
1430086188 136549
1430170263 136556
1430171490 136635
1430174379 136640
1430176299 136677
1430228572 136677
1430258134 136678
1430269395 136680
1430336441 136680
1430340848 136682
1430343796 136682
1430346680 136702
1430431555 136734
1430502432 136731
1430504324 136842
1430508950 136842
1430524877 136842
1430586330 136861
1430595306 136861
1430632807 136861
1430781240 136875
1430782058 136875
1430786594 136839
1430819509 136857
1430849175 135322
1430869679 135434
1431019049 135434
1431020048 135434
1431023356 135434
1431029357 135441
1431044111 135441
1431044971 135433
1431116203 135502
1431116678 135882
1431116737 135860
1431117536 135924
1431117697 135860
1431127950 135964
1431289690 135502
1431321908 135501
1431322610 135501
1431323506 135534
1431323577 135495
1431377818 135495
1431389178 135497
1431540730 135488
1431543071 135499
1431555240 135499
1431555411 135501
1431556308 135500
1431556333 135504
1431624769 135473
1431624801 135659
1431624987 135743
1431730274 135744
1431737517 135744
1431737856 135744
1431738480 135744
1431738584 135744
1431740376 135831
1431799789 135831
1431803022 135864
1431803369 135893
1431971257 135893
1431971589 135898
1432015889 135841
1432058366 135841
1432085945 135839
1432092972 135839
1432111731 136752
1432142135 135839
1432145323 135845
1432154262 135845
1432159373 135842
1432159891 135860
1432233271 136023
1432258389 136023
1432262542 136075
1432271388 135934
1432315318 135934
1432316016 135943
1432323475 135965
1432327683 135970
1432665275 135971
1432683769 135997
1432749233 135910
1432763158 135925
1432768068 135916
1432770455 135916
1432771793 135911
1432830730 135914
1432854628 135926
1432934599 135926
1432934735 135926
1433111494 135925
1433127495 135929
1433187409 135929
1433199942 135946
1433201613 135949
1433203703 135907
1433215220 135979
1433238453 135980
1433269861 135979
1433279006 135923
1433289759 135927
1433361174 136066
1433383421 136243
1433385951 136166
1433436707 136203
1433447042 136156
1433448174 136162
1433449883 136172
1433450220 136172
1433451223 136171
1433451254 136174
1433454478 136169
1433455236 136173
1433455813 136222
1433458384 136222
1433463828 136056
1433526182 136074
1433533294 136076
1433533329 136078
1433785226 136251
1433785242 136251
1433789096 136256
1433793208 136260
1433793613 136236
1433793675 136236
1433795319 136250
1433796569 136250
1433797220 136249
1433801560 136332
1433819809 136334
1433825199 136337
1433862808 136341
1433894474 136342
1433956617 136350
1433959134 136360
1433963985 136360
1433968323 136360
1433976544 136363
1433981980 136370
1433984253 136356
1434040025 136357
1434040629 136368
1434046040 136368
1434060849 136359
1434070652 136359
1434073306 136402
1434136212 136402
1434152715 136429
1434170484 136449
1434171133 136449
1434351827 136449
1434353573 136449
1434369377 121097
1434390692 136478
1434391000 136499
1434395084 136603
1434402955 136559
1434436394 136539
1434476164 136547
1434477470 136549
1434477675 134824
1434480088 136550
1434483440 136550
1434522773 136562
1434522789 136560
1434563462 136560
1434564946 136611
1434566669 136609
1434567201 136609
1434568717 136609
1434582272 136618
1434583562 136658
1434694587 136628
1434748397 136432
1434843743 136440
1434844173 136440
1435008161 136442
1435009519 136445
1435016907 136472
1435017472 136425
1435017481 136540
1435097076 136550
1435137844 136551
1435156968 136675
1435158352 136706
1435159124 136714
1435188810 136714
1435189094 136715
1435196318 136717
1435196494 136716
1435211338 136971
1435213103 136971
1435339321 136974
1435399309 136974
1435422009 137042
1435561040 137126
1435561174 137178
1435580133 137364
1435589876 137377
1435598909 137377
1435672657 137377
1435765565 137514
1435795469 137744
1435797473 137744
1435798003 137779
1435799739 137782
1435807646 137782
1435826193 137636
1435836944 137881
1435837541 137976
1435837638 137635
1435858308 137635
1435870427 137635
1435873144 137766
1435877386 138370
1435894499 137927
1435910965 138268
1435911656 138276
1435911975 138297
1435912101 138297
1435913580 138370
1435969393 138373
1436023378 138373
1436023584 138373
1436086571 138373
1436086797 138375
1436086970 138375
1436136909 138375
1436140884 138375
1436141977 138434
1436196003 138584
1436196047 138584
1436306907 138584
1436311650 138584
1436324953 138721
1436373049 138721
1436383055 138724
1436393699 138724
1436422439 138724
1436455460 138750
1436455556 138897
1436476987 138909
1436479417 138945
1436479508 138955
1436481092 138957
1436483041 138935
1436483055 138935
1436497191 138953
1436508677 138953
1436511181 138994
1436511410 138994
1436545134 138994
1436551592 139032
1436590562 139032
1436639793 139032
1436639817 139056
1436640037 139056
1436675893 139056
1436675965 139056
1436764525 139070
1436808922 139070
1436813153 139071
1436818809 139073
1436819691 139073
1436821311 139099
1436831923 139100
1436857210 139321
1436894839 139321
1436924127 139321
1436938189 139435
1436938226 139435
1436970976 139437
1437090741 139437
1437098768 139498
1437098930 139499
1437099211 139501
1437117843 132969
1437165167 132973
1437165273 132973
1437166592 132975
1437169375 132944
1437176355 132944
1437196779 132957
1437280056 132586
1437406133 132586
1437407129 132586
1437422640 132586
1437430706 132475
1437436621 132561
1437443638 132619
1437480868 132619
1437480892 132802
1437502297 132802
1437505245 132804
1437512987 132805
1437520408 132842
1437580816 132876
1437580858 132876
1437603110 132875
1437624299 132875
1437640536 132947
1437674733 132947
1437676045 132947
1437683594 132947
1437684248 132948
1437684333 132948
1437688103 132943
1437736523 133044
1437760267 131618
1437774094 131618
1437797722 131618
1437844218 131618
1437963909 131646
1438020418 131650
1438032367 131512
1438037984 131511
1438038338 131510
1438098711 131581
1438109946 131581
1438124963 131583
1438127054 131587
1438127991 131632
1438130993 131632
1438134060 131632
1438201030 131636
1438214371 131667
1438232245 131946
1438277360 131696
1438288190 131704
1438316891 131704
1438316949 131704
1438343972 133016
1438362838 131704
1438363992 131692
1438390173 131692
1438450991 131734
1438571077 131734
1438574745 131734
1438637064 131734
1438640013 131826
1438684534 131826
1438810841 131821
1438832124 131835
1438839968 131893
1438881567 131902
1438891496 131939
1438899842 131940
1438970844 131948
1438980071 131953
1439001142 131953
1439071882 131965
1439237714 131966
1439246029 132044
1439248932 132069
1439254171 132256
1439266283 132287
1439310413 132287
1439315054 132354
1439319908 132341
1439320157 132376
1439334831 132461
1439335441 132459
1439338673 132496
1439341421 132732
1439342405 132732
1439364772 132732
1439390343 132937
1439405605 132943
1439406564 132943
1439475936 132956
1439492584 133253
1439496152 132954
1439496508 132954
1439502536 132954
1439518105 133272
1439526530 133017
1439554493 133189
1439575557 133295
1439595824 133295
1439595889 133293
1439830087 134039
1439834470 134041
1439835792 134076
1439847213 134101
1439848265 134108
1439941305 134103
1439946294 134146
1439946541 134153
1439956654 134153
1439959542 134171
1440001562 134172
1440004849 134184
1440008004 134184
1440027284 134206
1440031112 134227
1440036951 134281
1440093789 134371
1440101771 134401
1440102844 134401
1440106569 134445
1440106640 134446
1440174426 134453
1440188913 134453
1440204537 134453
1440284840 134453
1440284882 134453
1440284907 134453
1440284942 134453
1440285005 134453
1440285064 134453
1440521258 134455
1440527893 134455
1440528033 134468
1440612726 134129
1440724071 134130
1440724409 134148
1440727571 134177
1440787188 134177
1440791538 134182
1440872298 134182
1441043341 134232
1441046669 134232
1441051606 134236
1441053056 134273
1441072371 134258
1441086422 134216
1441087390 134216
1441088489 134179
1441143056 134204
1441143229 134222
1441143593 134214
1441143648 134209
1441154114 134208
1441232127 134235
1441309836 134235
1441313022 134236
1441315597 134238
1441317776 134250
1441324832 134365
1441325048 134405
1441361098 134405
1441400104 134734
1441413302 134734
1441413752 134734
1441731675 134752
1441755005 134767
1441776788 134843
1441778219 134843
1441778785 134844
1441779894 134847
1441782138 134888
1441785139 134888
1441812596 134900
1441812944 134950
1441823460 134950
1441825367 134951
1441828520 135015
1441841383 135015
1441861774 135063
1441861819 135093
1441865973 135170
1441899543 134823
1441900042 134823
1441903856 135008
1441916926 135008
1441924506 135010
1441927558 135010
1442073451 135095
1442177726 135106
1442243683 135190
1442253919 135190
1442256128 135190
1442261457 135212
1442287107 135224
1442288574 135226
1442341820 135226
1442428268 135230
1442430158 135255
1442432112 135259
1442436489 135259
1442437792 135220
1442517724 135368
1442550221 135368
1442792568 135368
1442940844 135437
1442944430 135442
1442957680 135446
1442961596 137175
1442961660 137210
1442964845 137253
1442969844 137269
1442993691 137275
1443027799 137274
1443035855 137301
1443042108 137314
1443083728 137314
1443106994 137342
1443113314 137342
1443131653 137352
1443132700 136559
1443143167 136382
1443198760 136393
1443206016 136567
1443206045 137092
1443211538 137085
1443211900 137101
1443213001 137106
1443213705 137113
1443228887 137110
1443236807 137012
1443289567 121097
1443301125 121100
1443396189 121100
1443461481 121143
1443465660 121183
1443466098 121409
1443475098 121409
1443592307 121445
1443592328 121463
1443636509 121468
1443648173 121467
1443648848 121467
1443657920 121473
1443657925 121516
1443661072 121520
1443671969 121464
1443705530 121466
1443721119 121466
1443721765 121466
1443733513 121495
1443734012 121518
1443735220 121368
1443735981 126708
1443751297 126708
1443807768 126843
1443884246 126843
1444078645 126864
1444087825 126864
1444165069 126865
1444167026 126864
1444167228 126896
1444169055 126092
1444181899 126082
1444236404 126283
1444236642 126529
1444237073 126529
1444238215 126737
1444238607 126742
1444245724 126742
1444247486 126746
1444247519 126728
1444247529 126747
1444247879 126747
1444248178 126777
1444248281 126778
1444252991 126837
1444253015 126838
1444262526 126846
1444263559 126848
1444318120 126848
1444318712 126851
1444329187 126860
1444330362 126860
1444338530 126870
1444342294 126849
1444376019 126849
1444406387 126849
1444412776 128045
1444412821 128045
1444413096 128119
1444416211 128120
1444416259 128131
1444419121 128131
1444427216 128270
1444428479 128355
1444429028 128359
1444438124 128359
1444487719 128360
1444529486 128392
1444530629 128392
1444601007 128392
1444669157 128392
1444670696 128392
1444678101 128399
1444678494 128348
1444682276 128373
1444682631 128382
1444684088 128486
1444698449 128486
1444758638 128488
1444760440 128463
1444761635 128464
1444763964 128524
1444773261 128541
1444782132 128562
1444806536 128564
1444846733 128637
1444858288 128634
1444858503 128636
1444864031 128619
1444889214 128712
1444935337 128715
1444935896 128737
1444936695 128733
1444936874 128733
1445013596 128737
1445020940 128741
1445021422 128742
1445025649 128744
1445043738 128777
1445056989 128760
1445185612 128770
1445186298 128798
1445265760 128887
1445275408 128887
1445278750 128880
1445281381 128880
1445281679 128835
1445287940 128835
1445381209 126540
1445449577 126541
1445463218 126541
1445569166 126542
1445570444 126543
1445640968 126650
1445640981 126672
1445646983 126672
1445704146 126672
1445714368 126672
1445876694 126679
1445879572 126679
1445879656 126707
1445884887 126714
1445894388 126714
1445896995 126703
1445964029 126704
1445972342 126713
1445977605 126758
1446053301 126760
1446063212 142728
1446065930 142645
1446093796 142751
1446095637 142751
1446155481 142753
1446158462 142753
1446166458 142754
1446167752 142789
1446169332 142766
1446184055 142731
1446185204 142732
1446185659 142730
1446186065 142730
1446232222 142734
1446236731 142734
1446237557 142735
1446237725 142753
1446245151 142761
1446249990 142968
1446254635 142970
1446318686 142974
1446488265 142914
1446488888 142945
1446491669 142974
1446491728 142973
1446493109 142945
1446493364 142973
1446493820 142953
1446512297 142987
1446513727 143013
1446514028 143013
1446517015 143053
1446517645 143053
1446524600 143107
1446551071 143107
1446666098 142624
1446674220 142904
1446678146 142904
1446688827 142925
1446689843 142918
1446701375 142934
1446745416 142940
1446748338 142967
1446753785 142969
1446760726 142979
1447089169 142979
1447097295 142979
1447119486 142995
1447119491 143029
1447180129 143029
1447195348 143034
1447195437 143035
1447197128 143109
1447197754 143113
1447266661 143134
1447289112 143138
1447289313 143164
1447309282 143165
1447351075 143165
1447366920 143169
1447367032 143169
1447372637 143169
1447375527 143169
1447701566 149666
1447701844 149666
1447781863 149666
1447782863 149670
1447807688 149734
1447826271 149733
1447829980 149807
1447831467 149808
1447833180 149836
1447878977 149830
1447881417 149814
1447882168 149870
1447898621 149870
1447899127 149873
1447961244 149662
1447964045 149659
1447970257 149659
1447977385 149659
1447980983 149777
1447981313 150047
1448047237 150040
1448047266 150042
1448047802 150042
1448247257 150041
1448309534 150041
1448387043 150041
1448387089 150091
1448473048 150091
1448485981 149983
1448739035 149983
1448740007 149983
1448740050 149983
1448740700 149983
1448904855 149983
1448955206 150018
1448996639 150018
1448998480 150139
1449028155 150158
1449083662 150158
1449084649 150144
1449112159 149950
1449144285 149950
1449167360 149950
1449256343 149965
1449263288 149960
1449263338 149960
1449269393 150005
1449273447 150002
1449406875 149999
1449462423 149999
1449766557 150004
1449775840 149949
1449789715 149950
1449800837 149950
1449860161 149952
1449864828 149953
1450032230 149953
1450041224 149953
1450120854 149960
1450131075 149958
1450133144 150200
1450133164 150182
1450218760 150182
1450274095 150259
1450295436 150261
1450299885 150493
1450308844 150528
1450309061 150532
1450310973 150571
1450321034 150572
1450470234 150571
1450471353 150953
1450472007 150958
1450674540 150958
1450674689 151048
1450722549 151048
1450725522 151054
1450728292 151058
1450731355 151058
1450731438 151064
1450732040 151064
1450732987 151064
1450744114 151064
1450747570 151064
1450807247 151064
1450807656 151140
1450822033 151171
1450822241 150912
1450823757 150913
1450827449 150913
1450828391 150922
1450829049 150922
1450899356 150920
1450900208 150920
1450900392 150920
1450914572 150952
1450922108 150959
1450926178 151066
1451051613 151360
1451099353 151353
1451377284 151349
1451420393 151366
1451424895 151366
1451425243 151372
1451425325 151372
1451426514 151374
1451426966 151381
1451427501 151418
1451428510 151418
1451428575 151424
1451428584 151424
1451428745 151424
1451460264 151424
1451857526 151425
1451943260 151425
1452033725 151392
1452035605 151371
1452036744 151365
1452121384 151489
1452121740 151495
1452124189 151501
1452124478 151489
1452186812 151489
1452208137 151501
1452212463 151563
1452276227 151563
1452302605 151563
1452313825 151563
1452537453 151571
1452543926 151580
1452555223 151706
1452574556 151727
1452617138 151727
1452618691 151728
1452619666 151701
1452621452 151697
1452621643 151674
1452632547 151676
1452728412 151539
1452728446 151609
1452728463 151567
1452749553 151569
1452885515 152708
1452904722 152729
1452907524 152463
1453061330 152467
1453069887 152465
1453088552 152466
1453165579 152500
1453240241 152500
1453245129 152511
1453280189 152511
1453349257 152511
1453402409 152511
1453424808 152511
1453491006 152512
1453755512 152512
1453766997 152512
1453921521 152514
1453938477 152514
1454005353 152514
1454005743 152507
1454009233 152517
1454010387 152523
1454040369 152555
1454100505 152642
1454102855 152643
1454108708 152608
1454117624 152610
1454356467 152612
1454360866 152612
1454393161 152625
1454539151 152625
1454603670 152634
1454635209 152672
1454698677 152673
1454738454 152673
1454955777 152673
1454959606 152673
1454959995 152672
1454969690 152672
1455133208 152672
1455135835 152657
1455139941 152657
1455152039 152695
1455240406 152736
1455243095 152789
1455318027 152793
1455323695 152962
1455384244 152968
1455384380 152969
1455398351 152991
1455621094 152991
1455646288 153103
1455652231 153147
1455653406 153147
1455654339 153093
1455691468 153077
1455721310 153083
1455753205 153066
1455758437 153066
1455769707 153084
1455774700 153182
1455784310 153182
1455822864 153182
1455822887 153194
1455825227 153194
1455825737 153436
1455904117 153469
1455910441 153529
1455910782 153529
1455912177 153529
1455922418 153561
1456153734 153564
1456180646 153564
1456181341 153564
1456185560 153564
1456341337 153565
1456347732 153573
1456349449 153636
1456440745 153636
1456475171 153634
1456475988 153528
1456507099 153628
1456513372 153663
1456520198 153671
1456523836 153671
1456540615 153704
1456685989 153704
1456686570 153948
1456727222 153951
1456750604 153951
1456768749 153969
1456769001 153969
1456787965 153994
1456802910 153974
1456808598 153977
1456916570 154068
1456945220 154079
1456973667 154098
1457029133 154113
1457115275 154149
1457126003 154149
1457130314 154149
1457136391 154165
1457158037 154165
1457195079 154254
1457295168 154248
1457297345 154249
1457319457 154252
1457376382 154252
1457379806 154261
1457396325 154367
1457396588 154266
1457398770 154266
1457398891 154367
1457402611 154362
1457415597 154362
1457445423 154362
1457496391 154405
1457498588 154405
1457548093 154405
1457561214 154405
1457681796 154421
1457682386 154421
1457723143 154429
1457724603 154430
1457724825 154185
1457724870 154186
1457740555 154264
1457847577 154360
1458035765 155002
1458037935 155002
1458145480 155004
1458146881 155037
1458152501 155042
1458155429 155009
1458161467 155009
1458164904 155041
1458166949 155041
1458229480 155081
1458236296 155161
1458241927 155173
1458242598 155173
1458242763 155158
1458247622 155225
1458260065 155219
1458339858 155245
1458411867 155245
1458434489 155241
1458587776 155242
1458588286 155242
1458596697 155244
1458598756 155228
1458602226 155317
1458712488 155317
1458744636 155473
1458759599 155474
1458760371 155535
1458761056 155535
1458773900 155539
1458776862 155541
1458833865 155560
1458835041 155565
1458856695 155565
1458860511 155577
1458860821 155579
1458871195 155592
1459038340 155594
1459266333 155599
1459268570 155631
1459271426 150269
1459272708 155631
1459274548 149285
1459280106 149408
1459281496 149436
1459283152 149436
1459283449 149436
1459297068 149461
1459378695 149455
1459396328 149603
1459435051 149677
1459531972 149682
1459549940 149979
1459556711 149979
1459602743 149996
1459785765 149978
1459788383 150158
1459790499 150131
1459819322 150671
1459888033 150141
1459888199 150139
1459891848 150139
1459977834 150014
1459979962 150043
1459985049 150053
1459985258 150053
1459986379 150053
1459989806 150059
1459993365 150056
1460053375 150169
1460053648 150169
1460055864 150414
1460060197 151172
1460060669 151256
1460062761 151256
1460063001 150173
1460063036 150177
1460063283 150187
1460063358 150227
1460063472 150269
1460068025 151258
1460075444 151291
1460076390 151336
1460089177 151302
1460093526 151368
1460131424 151302
1460131783 151302
1460132439 151302
1460134543 151327
1460139739 151401
1460140132 151401
1460151680 151401
1460152417 151401
1460152820 151403
1460525627 151458
1460569393 151458
1460654277 151463
1460656450 151489
1460659221 151531
1460662079 151613
1460670265 151608
1460674997 151621
1460683633 151624
1460756246 152140
1460762443 152144
1460778937 152214
1460966893 159846
1460985970 152214
1461102102 152214
1461120080 155941
1461173684 155937
1461208022 155993
1461274088 155993
1461276896 155996
1461279740 155996
1461283744 156002
1461346818 156002
1461368666 155623
1461369299 155618
1461369308 155585
1461442200 155590
1461608447 155590
1461611812 155746
1461620272 155746
1461629543 157487
1461632790 157532
1461673256 157537
1461708733 157547
1461780235 158368
1461785799 156815
1461812080 156797
1461823400 156797
1461828114 156793
1461828298 156793
1461846486 156796
1461858149 156801
1461868406 156801
1461940553 157554
1461943258 159306
1461945350 159335
1461963771 159463
1461967533 159476
1461968461 159481
1461970632 159417
1461973570 159544
1461976089 159544
1461976440 159625
1462027405 159446
1462027523 159445
1462040494 159451
1462194868 159520
1462220185 159625
1462224395 159631
1462227802 159631
1462236987 159755
1462237143 159755
1462247425 159755
1462280733 159755
1462290411 159730
1462298161 159730
1462309086 159730
1462311433 159829
1462311551 159832
1462315867 159959
1462324598 159985
1462344627 159986
1462389770 160064
1462398293 160064
1462413433 159296
1462486024 159295
1462486331 159307
1462489937 159306
1462493666 159308
1462571336 159308
1462578846 159351
1462639658 159351
1462757748 159351
1462810970 159377
1462840752 159377
1462843261 159377
1462855300 159377
1462889352 159450
1462903115 159408
1462906592 159407
1462929897 159805
1463004185 159846
1463005825 159863
1463018386 159977
1463020915 160047
1463034179 160047
1463064542 160047
1463068665 160048
1463097604 160082
1463097727 160082
1463098218 160062
1463169038 160113
1463186851 160113
1463245830 160113
1463252631 160114
1463252665 160131
1463253132 160167
1463253139 160167
1463253228 160175
1463272839 160386
1463345163 160388
1463413925 160387
1463422512 160390
1463429018 160384
1463516149 160383
1463522791 160397
1463524498 160458
1463529023 160459
1463660646 160460
1463692919 160460
1463712882 160461
1463729213 160461
1463767767 160471
1463770450 160769
1463779171 160745
1463784288 160769
1463785022 160945
1463789520 160947
1463907681 160947
1463909534 160951
1463937244 180024
1463951293 180173
1464020034 180172
1464027189 160912
1464027902 160912
1464033435 180152
1464036316 180197
1464048733 160918
1464049325 160942
1464112551 160949
1464113331 160955
1464114458 160961
1464119408 161040
1464133674 161994
1464134658 161992
1464139681 162244
1464184721 162296
1464194345 162391
1464194810 162425
1464210470 162354
1464212268 162353
1464212854 162357
1464219438 162362
1464221517 162395
1464223284 162568
1464267055 162568
1464293690 162572
1464295875 162574
1464312068 163179
1464318332 163193
1464330784 167031
1464331016 167036
1464331168 166955
1464331380 166960
1464331855 166953
1464347220 166955
1464365965 166958
1464387785 166974
1464465488 166974
1464469472 166993
1464624975 166933
1464711433 166933
1464727199 166935
1464729618 166989
1464730347 166909
1464805030 167397
1464805286 167833
1464806495 167825
1464826470 167907
1464892521 167925
1464974859 167928
1464985035 167934
1464986565 167977
1464990098 167986
1464993812 167987
1465072677 167988
1465076636 168119
1465238266 168214
1465238680 168119
1465238817 168214
1465238983 168196
1465239568 168196
1465329037 168215
1465335007 168385
1465344664 168829
1465345420 168836
1465350138 168850
1465366190 168850
1465405203 168909
1465417827 168939
1465417963 168965
1465437517 168967
1465438820 169047
1465469632 168892
1465484322 168926
1465489443 168925
1465514084 168925
1465577851 168933
1465584730 168933
1465613243 168927
1465714993 168927
1465846818 168927
1465883428 168947
1465926938 168947
1465927333 168952
1465927760 168952
1465933581 168950
1465941721 169105
1465947278 169103
1465967497 169097
1465967606 168948
1466054551 169090
1466098518 169090
1466135414 169090
1466188444 169091
1466194059 169094
1466366247 169082
1466366301 169083
1466429759 169084
1466518149 169084
1466551270 169084
1466616604 169084
1466624570 169084
1466630886 169151
1466631016 169152
1466637152 169129
1466696784 169141
1466698597 169155
1466711076 169155
1466968297 169176
1466968448 169279
1466974332 169279
1466987925 169279
1467059963 169279
1467066583 169391
1467066609 169391
1467160241 169394
1467322085 170216
1467328412 170255
1467329738 170772
1467396586 171424
1467397297 170772
1467398506 171382
1467425812 171424
1467489287 171429
1467498312 171430
1467643620 171675
1467643721 171675
1467685506 171447
1467735529 171450
1467739212 171467
1467739376 171474
1467741276 171474
1467742238 171475
1467742891 171475
1467744105 171463
1467745370 171723
1467749758 171766
1467750609 171864
1467751978 172016
1467756553 172016
1467760921 172016
1467760944 172038
1467761983 172048
1467825106 172079
1467836684 172270
1467894377 172269
1467916890 172331
1468000334 172371
1468015768 175077
1468015955 175077
1468016783 175176
1468024340 172383
1468067573 172385
1468284101 172406
1468284461 172428
1468343429 172431
1468347547 172431
1468359739 172433
1468377171 174012
1468388131 174140
1468423782 174171
1468428053 174783
1468431981 174783
1468436217 174784
1468439942 174784
1468440881 174784
1468441029 174784
1468441694 174789
1468489427 174791
1468494159 174793
1468525048 174988
1468528151 174994
1468677740 174996
1468698685 175043
1468925172 175051
1468971239 175202
1469038615 175222
1469040436 175225
1469061550 175227
1469062078 195456
1469101291 175228
1469133653 195458
1469138319 195475
1469141832 195484
1469142069 195567
1469203113 175393
1469211191 175393
1469216167 175393
1469216446 175393
1469219907 195576
1469237909 175423
1469312555 175587
1469473155 175587
1469474625 175511
1469486741 195703
1469488571 175511
1469488625 175516
1469488755 175518
1469514862 175487
1469565912 175612
1469575611 175614
1469728987 175614
1469767145 175715
1469770660 195709
1469816739 175840
1469816755 175840
1469817395 176172
1469819073 175808
1469819641 175809
1469834683 176172
1469998791 176178
1470076953 176196
1470082678 176196
1470116550 176198
1470167765 176269
1470170646 176277
1470175905 176302
1470179103 176302
1470258524 176302
1470419706 176383
1470433227 176890
1470434074 176890
1470697828 176890
1470698670 176890
1470763589 176896
1470771543 177043
1470772335 177043
1470782014 177044
1470783804 176962
1470855018 176986
1470855166 176997
1470856499 177033
1470871149 177004
1470876276 177035
1470878269 177230
1470879914 177306
1470940550 177200
1470967015 177190
1470971857 177220
1471023286 177220
1471028967 177048
1471113381 177059
1471113417 177063
1471113904 177063
1471120998 177233
1471141806 177227
1471144436 177226
1471194287 177238
1471272474 177287
1471280662 177287
1471286333 177291
1471329813 177295
1471424696 177306
1471464211 177306
1471479636 177369
1471531927 177366
1471550529 177377
1471557350 177371
1471628403 177371
1471632007 177427
1471632089 177427
1471632314 177402
1471632346 177387
1471639414 177402
1471655015 177388
1471829814 177388
1471969812 177388
1471974471 177389
1472060416 177454
1472062712 177673
1472143408 177692
1472147175 177693
1472147186 177694
1472147209 177696
1472163793 177708
1472163809 177709
1472163998 177708
1472164023 177786
1472164555 177837
1472177794 177837
1472180900 177846
1472226123 177828
1472248017 177831
1472248035 177832
1472248079 177892
1472277840 177892
1472332374 177903
1472332398 177905
1472405415 177918
1472405433 177915
1472405459 177913
1472405490 177902
1472405509 177912
1472406193 177922
1472427999 177908
1472428013 177902
1472428047 177904
1472470416 177904
1472490487 177907
1472492008 177906
1472492086 177907
1472495010 177991
1472510088 177991
1472511023 178036
1472525131 178036
1472528687 178033
1472575454 178032
1472575816 177987
1472580185 177966
1472595286 177968
1472596956 177981
1472612576 178030
1472653518 178058
1472669458 178060
1472684010 178061
1472695014 178018
1472737476 178017
1472755208 178015
1472757820 178015
1472775968 178015
1472785170 178287
1472846238 177940
1472849624 177992
1472850992 178013
1472851438 177938
1472855264 177939
1472858964 177943
1472862914 177943
1472920152 177943
1472922810 177948
1472938340 177966
1472946503 177984
1473151760 178011
1473175907 178009
1473181097 178005
1473200322 178005
1473200579 195751
1473201313 195754
1473277245 178136
1473303836 177866
1473304089 177862
1473347859 177862
1473348025 177862
1473356324 177855
1473360472 177842
1473367437 177824
1473373100 195848
1473378531 195876
1473445376 177824
1473545354 177823
1473551048 177831
1473706680 177846
1473722986 177848
1473733705 188425
1473756235 188401
1473762976 177861
1473769749 177861
1473773131 177790
1473775760 177907
1473789419 188291
1473790518 178117
1473805492 178126
1473805874 178634
1473810392 178766
1473813735 178754
1473817003 188423
1473819307 178710
1473819641 178755
1473848637 178755
1473848796 178778
1473854721 178859
1473890251 178859
1473919153 188406
1473957896 178873
1474007096 178872
1474126823 178875
1474281586 178889
1474281909 178901
1474282662 178947
1474296626 178947
1474306438 178972
1474307056 178967
1474320392 178967
1474323971 188409
1474324160 195968
1474343611 188912
1474406626 178976
1474420142 189042
1474420340 189040
1474461769 178976
1474552741 178977
1474840557 179719
1474911543 178977
1474911574 178977
1474919931 179165
1474923753 179165
1474926436 179165
1474926867 179181
1474932834 195969
1475001638 195974
1475001846 195976
1475002549 195987
1475014849 179208
1475015577 179212
1475018450 179212
1475027594 179489
1475028482 179489
1475080045 179719
1475114849 179735
1475145237 179998
1475185094 179998
1475267963 179998
1475287429 180002
1475506304 180023
1475529726 180152
1475534950 180198
1475539676 180198
1475540697 180200
1475542275 189111
1475568611 189077
1475579532 180198
1475579984 180198
1475580486 180202
1475582009 180197
1475603029 180197
1475604866 189119
1475605989 180233
1475618006 180233
1475620493 189149
1475659237 189371
1475694791 180233
1475702995 180233
1475706758 180240
1475706903 195987
1475707411 195984
1475715896 189343
1475805001 189381
1475806646 189363
1475846617 180240
1475872606 189527
1475875503 189624
1475879057 189727
1475880403 189758
1476116988 181290
1476138817 189893
1476144845 181290
1476183306 181290
1476183394 181290
1476207827 189924
1476208642 181295
1476209622 189928
1476226331 189927
1476263535 181294
1476263630 181375
1476283796 181375
1476302845 186765
1476325777 186765
1476364814 186797
1476374337 186797
1476389951 186802
1476398896 186802
1476472865 186802
1476481594 186802
1476483016 186807
1476483087 186805
1476551636 188131
1476717127 188132
1476734837 188136
1476764782 189927
1476795968 189927
1476800800 189930
1476815989 189969
1476898357 190197
1476987426 190332
1477000180 189568
1477025063 189636
1477076271 190051
1477076341 190058
1477079926 170253
1477082863 170253
1477083611 170262
1477085435 170266
1477099825 170268
1477168889 170268
1477168995 170268
1477169068 170268
1477169091 170268
1477169129 170268
1477169211 170268
1477169549 170268
1477169632 170268
1477169729 170268
1477169813 170268
1477169877 170268
1477169994 170268
1477175317 170261
1477180147 170261
1477180224 170261
1477226497 170261
1477226648 170261
1477226669 170261
1477226995 170261
1477229723 170249
1477234138 170250
1477256643 170256
1477292830 177670
1477312457 170256
1477313404 170256
1477315244 170256
1477320526 170346
1477331011 170336
1477331198 170326
1477331391 170323
1477348498 170323
1477349832 170323
1477351316 170370
1477380997 176700
1477396313 176825
1477425390 176864
1477432336 176716
1477434100 176822
1477464740 177375
1477485886 177375
1477487841 177375
1477489052 177452
1477491609 177452
1477498435 177452
1477502359 177504
1477514725 177510
1477523648 177535
1477530134 177612
1477541623 177635
1477560391 177635
1477560670 177654
1477569664 177654
1477569711 177656
1477569812 177673
1477569969 177673
1477572858 177670
1477574494 177674
1477592714 177679
1477592743 177679
1477635523 177649
1477646954 178083
1477675724 178083
1477678881 178103
1477691934 178467
1477697461 178467
1477736652 178467
1477742501 178467
1477774933 178505
1477784579 178509
1477784614 178554
1477784673 178489
1477865734 178518
1477914103 178518
1477914122 178518
1477918866 178520
1477957501 177909
1477960520 177909
1477981598 179829
1478010901 179961
1478022297 180021
1478042695 180017
1478051651 180097
1478051660 180087
1478108962 180598
1478114906 180598
1478115998 180893
1478117487 181189
1478119580 181122
1478119709 181122
1478152800 181126
1478184099 181124
1478204328 181129
1478211983 181115
1478218493 181979
1478242589 181116
1478288450 181061
1478306464 181383
1478307537 181374
1478363694 181394
1478364474 181406
1478369988 181504
1478381863 181492
1478381904 181513
1478383136 181514
1478541443 181514
1478547034 181544
1478547592 181615
1478547759 181616
1478547782 181659
1478547809 182549
1478554293 182505
1478554517 182504
1478566030 182559
1478566183 182560
1478572078 182533
1478579818 182281
1478618422 182286
1478633522 182320
1478633574 182572
1478636180 182571
1478636446 182592
1478636967 182592
1478639701 182592
1478640509 182277
1478641651 182059
1478655773 182149
1478709041 182160
1478709516 182160
1478710262 182158
1478714795 182158
1478731521 182158
1478787236 182158
1478787567 182158
1478793768 182165
1478793802 182147
1478807552 182146
1478812797 182361
1478813227 182372
1478813329 182370
1478874918 182411
1478878451 182417
1478882999 182482
1478885179 182482
1478899306 182486
1478983896 182546
1479062421 182546
1479074407 182615
1479075398 182616
1479129655 182642
1479148058 182638
1479166532 182638
1479166622 182638
1479203525 182634
1479230052 183280
1479230187 183037
1479292396 183039
1479305606 183228
1479306575 184566
1479307526 183201
1479311972 184650
1479326356 184656
1479331485 184656
1479342381 184656
1479392703 184668
1479408993 184677
1479409744 184679
1479421004 184698
1479471982 184754
1479472036 184754
1479476390 186234
1479486048 186234
1479493467 186248
1479494126 186289
1479495135 186292
1479495228 186296
1479579556 186296
1479658208 186232
1479748406 186251
1479773833 186253
1479812947 186253
1479826883 186253
1479827890 186254
1479827985 186253
1479837433 186371
1479840611 186371
1479845080 186369
1479852493 186796
1479854370 186852
1479859430 186864
1479859591 186864
1479859725 186876
1479860355 186865
1479863805 186884
1479866772 195985
1479927589 186884
1479934849 186920
1479937380 187027
1479939825 187050
1479941032 187034
1479941057 187031
1479941717 187051
1479943355 187052
1479946045 187058
1479950734 187058
1479951620 187058
1479953390 187082
1479998148 187076
1479999173 187076
1480010594 187129
1480013025 187163
1480091109 187150
1480110236 187176
1480207917 187182
1480208890 187183
1480352097 187265
1480357189 187264
1480359551 187264
1480361841 187264
1480370450 187270
1480376696 187375
1480382809 187394
1480384657 187395
1480386826 187482
1480388724 187525
1480404965 187533
1480445274 187956
1480453233 187956
1480460224 187993
1480523382 188020
1480525214 188116
1480536240 188118
1480537023 188255
1480553660 188934
1480558121 189012
1480568581 189016
1480610234 189023
1480617388 189023
1480630740 189034
1480658935 190140
1480691497 189038
1480691799 189038
1480717092 189196
1480717877 189196
1480721220 190177
1480725286 189293
1480726422 189291
1480729396 189291
1480731231 190217
1480796547 190230
1480878030 189294
1480965386 190230
1481051746 189296
1481060796 189308
1481061301 190293
1481080751 190296
1481091859 189313
1481139762 190302
1481142276 190291
1481147106 189314
1481151334 189380
1481152177 189380
1481152472 189467
1481153713 189494
1481155448 189494
1481160057 189495
1481164548 190060
1481179640 190356
1481181387 190356
1481220473 190365
1481231447 191076
1481233791 191117
1481233881 191227
1481235773 191227
1481463708 191236
1481463820 191236
1481570446 191237
1481581135 191332
1481584840 191339
1481607173 191339
1481668045 191341
1481669661 191359
1481678561 191398
1481678867 191398
1481731041 191420
1481742890 191567
1481754088 191567
1481774717 192135
1481819818 192756
1481848913 193712
1481934051 193715
1481943478 193954
1481989285 194007
1482013700 194064
1482184578 193772
1482190588 194064
1482209584 194052
1482212185 193824
1482260943 193824
1482285722 193832
1482348248 193771
1482355054 193854
1482355340 193873
1482357119 193927
1482357845 193939
1482369137 193941
1482375034 194010
1482376060 194010
1482377307 193993
1482431802 194136
1482435275 194170
1482439442 194170
1482450430 194171
1482599910 194173
1482856690 194207
1482856704 194213
1482856883 194231
1482926661 194233
1482946440 194233
1482956210 194320
1483045917 194430
1483046722 194428
1483462590 194433
1483462721 194433
1483462913 194433
1483467892 194426
1483468052 194453
1483484262 194425
1483486275 194425
1483534133 194425
1483545565 194425
1483547193 194425
1483550109 194425
1483550332 194425
1483550661 194425
1483551008 194425
1483551379 194424
1483551541 194257
1483568924 194281
1483620973 194281
1483621971 194281
1483650968 194780
1483664117 194784
1483710666 195984
1483710760 195983
1483712233 195983
1483725554 195983
1483726630 195983
1483728686 195987
1483730318 196010
1483734783 196006
1483892806 196006
1483971335 196007
1483972767 196389
1483975561 196409
1483978924 196409
1483980301 196488
1483982900 196493
1483992397 196493
1484003358 196596
1484004137 202456
1484004265 202455
1484004800 202475
1484009156 202475
1484009661 202467
1484036502 202467
1484045333 202467
1484055691 202467
1484056942 202467
1484064016 202467
1484070888 202568
1484079503 202574
1484099065 202572
1484161216 202572
1484162372 203028
1484169590 203066
1484231443 203066
1484231500 203066
1484232383 203062
1484233575 203085
1484233984 203135
1484250959 203123
1484257952 203249
1484266082 203451
1484311316 203477
1484311998 203477
1484313563 203477
1484325929 203613
1484342268 203615
1484344321 203699
1484347556 203998
1484350369 204000
1484399511 204041
1484422615 204041
1484431764 204038
1484450163 204040
1484578141 204040
1484660042 203988
1484661349 204004
1484663684 204007
1484676011 204007
1484676100 204007
1484677052 204007
1484681187 204009
1484692326 204033
1484720386 204084
1484875746 204095
1484891775 204334
1484940321 204334
1484983525 204335
1485020687 204350
1485023266 204501
1485188987 204502
1485189828 204502
1485190068 204502
1485191375 204504
1485194384 204520
1485194487 204517
1485197946 204518
1485199881 204523
1485202188 204530
1485216359 204539
1485216420 204581
1485217319 204585
1485220270 204527
1485222148 204585
1485225850 204585
1485265549 204586
1485281947 204586
1485355759 204586
1485356212 204582
1485357258 204583
1485357522 204585
1485360789 204577
1485374768 204643
1485375240 204643
1485395565 204643
1485408829 204643
1485443736 204729
1485453421 204729
1485557435 204819
1485563781 204819
1485646563 204887
1485785670 204889
1485797807 204891
1485798367 204889
1485809586 204888
1485822727 204896
1485822746 204896
1485868013 204896
1485869069 204898
1485870084 204898
1485871848 204924
1485897236 204978
1485897251 205008
1485902541 205008
1485903879 205001
1485907434 205002
1485907505 205025
1485999061 205027
1485999739 205033
1486000964 205033
1486001520 205035
1486041866 205035
1486042392 205035
1486042647 205040
1486067079 205025
1486075343 205022
1486077844 205027
1486117509 205059
1486149148 205105
1486396933 205106
1486399776 205152
1486402619 205160
1486407737 205161
1486410151 205161
1486415973 205154
1486421354 205268
1486430070 205170
1486431866 205151
1486432850 205237
1486444948 206011
1486450993 206115
1486478529 205237
1486504808 205489
1486571359 205757
1486578002 205757
1486596800 205758
1486602813 205758
1486625336 205776
1486656059 205800
1486656129 205800
1486656167 205800
1486656426 205800
1486656635 205752
1486656867 205752
1486656904 205752
1486673700 206031
1486685445 206037
1486741224 206037
1486998540 206011
1487009049 206011
1487013659 206003
1487016811 206004
1487016942 206121
1487016949 206120
1487022880 206118
1487023314 206119
1487024475 206119
1487024684 206119
1487027465 206119
1487027708 206119
1487028347 206119
1487029388 205863
1487099309 205867
1487099459 205873
1487100241 205904
1487259724 205898
1487296849 205931
1487470865 206012
1487502650 206012
1487505522 206012
1487506074 206013
1487716869 206015
1487782758 206000
1487783936 206432
1487785075 206432
1487787684 206604
1487796358 206500
1487796882 206640
1487797609 206642
1487800930 206670
1487864268 206685
1487864290 206696
1487883243 206696
1487883938 206734
1487884461 206729
1487889439 206764
1487889736 206768
1487892968 206768
1487959811 206768
1487962784 206768
1487963839 206831
1487972408 206836
1487982095 206951
1488210827 206951
1488239693 207130
1488239730 207134
1488243197 206960
1488243426 207156
1488249305 206955
1488301388 206956
1488313750 207156
1488313908 207156
1488336172 207093
1488382845 207093
1488392650 206973
1488394542 207095
1488397974 207168
1488400232 207168
1488404387 207354
1488405077 207348
1488408966 207355
1488414489 207355
1488483507 208038
1488484678 208038
1488501583 208238
1488501844 208238
1488566054 208249
1488567964 208250
1488578950 208277
1488579325 208282
1488601389 208292
1488602545 208028
1488783159 207894
1488783176 207821
1488831670 207821
1488841109 207821
1488842412 207821
1488846103 207825
1488853524 207786
1488895762 207825
1488997733 208991
1489007001 208991
1489020936 208991
1489092415 208991
1489108647 208991
1489174160 208984
1489194362 208984
1489332550 208983
1489419980 208983
1489420481 208983
1489424654 208988
1489444983 208988
1489530807 210347
1489623657 210351
1489690541 210433
1489703346 210519
1489706945 210520
1489709570 210520
1489772651 210544
1489939735 210927
1489948493 210927
1490026501 207247
1490038734 207717
1490043031 207984
1490054848 208074
1490126648 208074
1490146598 210690
1490146636 210688
1490146695 210411
1490146758 210424
1490148572 210455
1490197213 208075
1490206872 208096
1490208102 208096
1490282212 208103
1490294738 208120
1490296387 208118
1490298310 208118
1490366252 208118
1490379552 208113
1490387475 208891
1490395041 208900
1490395449 208900
1490410745 208902
1490493448 208902
1490560343 209451
1490632758 209894
1490644119 209944
1490651977 209945
1490657588 210453
1490657663 210913
1490725453 209945
1490738122 209945
1490792104 209947
1490804274 209998
1490827076 209958
1490868089 209947
1490876319 210008
1490885727 210008
1490886996 210079
1490891098 210021
1490892196 210021
1490904615 210092
1490906834 210077
1490912133 210173
1490913913 210177
1490917245 210178
1490918412 210082
1490923257 209987
1490956568 209943
1490973181 209963
1490973628 209963
1490999512 209958
1491000127 210617
1491247922 209489
1491278750 209489
1491329649 209489
1491344214 209489
1491392054 209489
1491392088 209476
1491407249 212767
1491407605 212767
1491408996 212768
1491409509 212766
1491413412 212779
1491414888 212788
1491415269 212788
1491416985 212797
1491418279 212804
1491418283 212799
1491420270 212799
1491422723 212721
1491423430 212707
1491428532 212705
1491430719 212705
1491500358 212699
1491504491 212678
1491524454 212384
1491575008 212380
1491578256 212363
1491581002 212390
1491586999 212390
1491598074 212396
1491599230 212507
1491601276 212765
1491603435 210903
1491620734 212765
1491766661 212767
1491858116 212764
1491859569 212763
1491944294 210903
1491944563 210903
1491944633 210903
1491946083 210240
1491946856 210240
1491951878 210246
1492041382 210246
1492092934 210246
1492103483 210244
1492107235 210277
1492113252 210363
1492116679 210402
1492121713 210402
1492185398 210402
1492185727 210402
1492187438 210462
1492212437 211577
1492214267 210491
1492214813 211594
1492224643 210500
1492277832 210536
1492457988 211612
1492466099 211775
1492466170 211825
1492466391 211834
1492466481 211842
1492468737 211848
1492522307 210538
1492522960 210538
1492523264 210538
1492525757 210538
1492526299 210538
1492529265 210548
1492529919 210548
1492533283 210588
1492533659 210590
1492533872 210588
1492534433 210592
1492534854 210604
1492535236 210613
1492535848 210611
1492547313 211855
1492552016 211783
1492556298 211783
1492557019 211845
1492558735 211857
1492561893 210842
1492599615 210842
1492600036 210841
1492601499 210886
1492614304 210998
1492617580 211003
1492635354 211853
1492644539 211003
1492645531 211417
1492653784 211417
1492685388 211439
1492702858 211439
1492706986 211429
1492712313 211527
1492712415 211539
1492713544 211843
1492717733 211844
1492718811 211844
1492719939 211865
1492784734 211867
1492784859 211869
1492785077 211869
1492785703 211909
1492785979 211946
1492786516 212004
1492805722 211972
1492882899 211974
1492896823 211974
1492988592 211974
1493046497 212081
1493078592 212085
1493079578 212086
1493084743 212094
1493085130 212114
1493112332 212115
1493137450 212043
1493138370 212045
1493140746 212047
1493152248 212049
1493155947 212042
1493210409 212113
1493210616 212126
1493210855 212109
1493211271 212112
1493211442 212112
1493211770 179932
1493212013 179932
1493212447 179929
1493213140 179931
1493223862 180372
1493235038 180368
1493255273 180370
1493255419 180370
1493290174 180374
1493295183 180451
1493352212 185992
1493355421 185993
1493479380 186050
1493599222 186050
1493642350 186058
1493654382 186083
1493654496 186085
1493655746 186549
1493659928 186549
1493663440 186551
1493670217 186563
1493670234 186572
1493671907 186572
1493675924 186612
1493678838 186615
1493678878 186613
1493731329 186616
1493731344 186620
1493753650 186628
1493760402 186628
1493805713 186745
1493805784 186749
1493805858 186749
1493820265 186749
1493822342 186749
1493827236 186761
1493836676 186908
1493854205 186936
1493922674 186928
1493937496 187058
1494003733 186942
1494003819 186942
1494018059 187117
1494019277 187117
1494032093 187139
1494346434 183909
1494350537 183910
1494352485 183911
1494358177 183923
1494371823 183924
1494374614 183926
1494401033 183926
1494461138 183898
1494478908 183912
1494498875 183912
1494504781 183912
1494505924 183913
1494539015 183936
1494539249 183957
1494544457 183963
1494600090 183965
1494611151 184021
1494974568 184022
1495034552 184020
1495058039 184740
1495066751 184866
1495090466 184867
1495148789 184867
1495149239 184867
1495168295 184974
1495297327 184975
1495324703 184976
1495394905 184976
1495406365 184990
1495409837 184991
1495446357 184991
1495453966 184991
1495462372 184997
1495557342 185050
1495570941 185274
1495579418 185278
1495637700 185295
1495641990 185630
1495643204 185630
1495722695 185633
1495725845 185635
1495728475 185599
1495732486 185629
1495734598 185629
1495734978 185621
1495737254 185621
1495739959 186045
1495793737 186085
1495798655 186085
1495805546 186085
1495805719 186085
1495810038 186062
1495810069 186066
1495820139 186068
1495836388 186068
1495842406 186080
1496057774 186080
1496150861 186084
1496154930 184390
1496155772 184276
1496158983 184277
1496171748 184388
1496175944 184430
1496177411 184422
1496198122 184422
1496206524 184673
1496315931 184662
1496334208 184669
1496336445 184548
1496344641 184556
1496415448 184619
1496415808 184619
1496425229 184622
1496428466 184620
1496616264 184707
1496673421 184707
1496674101 184707
1496674319 184707
1496674758 184706
1496674903 184706
1496675861 184708
1496695586 184728
1496699092 184728
1496706176 184257
1496759184 184258
1496759207 184257
1496762187 184257
1496768384 184257
1496784196 184212
1496786075 184212
1496787578 184414
1496787754 184386
1496788957 184252
1496838146 184160
1496847065 184170
1496861697 184172
1496937921 183514
1496947262 183512
1496953414 183531
1496965669 183519
1496970860 183524
1496971129 183529
1496971637 183603
1496972617 183598
1497008510 183461
1497014356 183442
1497016698 183442
1497022020 183459
1497022320 183478
1497044939 183478
1497045318 183483
1497049483 183504
1497049840 183525
1497106273 183523
1497114485 183497
1497209020 183496
1497316173 183497
1497376437 183493
1497385508 183499
1497394305 183588
1497398315 183666
1497441844 183666
1497444745 183670
1497445020 183672
1497462858 184052
1497474633 183273
1497475977 183256
1497478509 183305
1497484402 183310
1497535753 183317
1497542854 183256
1497566129 182965
1497580139 183087
1497620507 183075
1497650438 183163
1497651249 183186
1497657019 183104
1497881214 183186
1497897936 183104
1497904200 183162
1497905259 184361
1497909510 184180
1497909746 184183
1497909859 184185
1497914692 184196
1497914816 184202
1497998221 183187
1498064051 183079
1498068385 183048
1498068645 183010
1498095482 182963
1498230309 182964
1498230445 182964
1498368702 183387
1498472541 183387
1498491045 183387
1498491131 183391
1498493835 183392
1498497425 183672
1498505669 183671
1498577071 183674
1498582390 183674
1498582396 183674
1498585314 183674
1498585407 183658
1498598445 183666
1498608953 183704
1498609327 183780
1498672906 183780
1498691638 183778
1498748404 183778
1498758245 183851
1498790864 184278
1498822786 184278
1498859103 184252
1498872244 184360
1498998285 184252
1499013549 184252
1499130335 184252
1499130429 184257
1499298244 184262
1499299723 184264
1499466867 184264
1499628273 184264
1499643279 184264
1499722910 184381
1499734304 184382
1499768937 184383
1499769431 184388
1499778327 184398
1499822846 184506
1499876364 184577
1499880705 184577
1499881753 184622
1499899781 184646
1499963205 184647
1499967692 184719
1499970747 184752
1499972148 184750
1499975092 184675
1499976151 184783
1499986562 184826
1499987685 184826
1499987980 184826
1500009095 184822
1500071784 184973
1500327517 184973
1500391864 185009
1500404777 185009
1500420709 185133
1500423894 185279
1500469613 185458
1500478135 185502
1500480613 185468
1500485745 185519
1500485817 185534
1500487967 185535
1500510353 185416
1500562609 185387
1500585395 185385
1500598853 185404
1500652126 185554
1500668531 185658
1500676232 185658
1500676481 185907
1500912580 185911
1500929956 185913
1500998508 185937
1501001083 185977
1501066598 185981
1501066649 186035
1501068449 186035
1501070458 185987
1501088491 186011
1501092502 186039
1501093112 186039
1501093303 186092
1501095547 186092
1501096682 186093
1501097998 186095
1501098009 186100
1501098931 186100
1501100119 186198
1501100412 186200
1501106384 186202
1501147145 186202
1501147416 186202
1501148917 186202
1501163853 186204
1501163883 186232
1501173907 186225
1501174936 186225
1501175186 186225
1501176244 186328
1501179874 186334
1501194359 186346
1501195483 186346
1501201894 186345
1501516754 186508
1501520225 186528
1501532030 186628
1501544383 186664
1501572448 186686
1501573046 186765
1501594697 186788
1501601934 187063
1501613617 187049
1501618644 187544
1501632342 187572
1501632356 187568
1501633253 187568
1501666707 187573
1501668549 187573
1501669844 187567
1501683997 187547
1501687126 187624
1501693061 187622
1501696518 187646
1501696584 187686
1501700689 187689
1501708466 187744
1501709083 187747
1501717269 187773
1501718380 187773
1501764341 187711
1501773193 187725
1501777924 187725
1501781153 187780
1501788249 187772
1501796969 187756
1501800669 187757
1501801528 187781
1501854098 187781
1501854448 187775
1501858307 187885
1501867488 188094
1501870207 188095
1501870332 188095
1501872320 188045
1501891850 188045
1502133133 187955
1502137706 187949
1502149642 188361
1502188308 188438
1502208497 188438
1502212183 188536
1502212679 188511
1502213125 188515
1502244130 188515
1502289008 188566
1502293946 188566
1502300872 188948
1502318435 188947
1502359949 189066
1502379711 189087
1502392980 189159
1502474861 189171
1502496097 190616
1502500080 190616
1502503330 190718
1502648173 190749
1502665411 190798
1502666265 190857
1502733929 190851
1502743404 190884
1502788909 190957
1502812845 191394
1502870943 191394
1502885428 191399
1502892428 191402
1502909071 191446
1502979796 191459
1502994216 191489
1503003158 191534
1503011981 191664
1503069971 191644
1503310244 191648
1503332829 191855
1503363086 191842
1503433906 191941
1503491928 191994
1503528835 188556
1503549252 188556
1503597243 188566
1503673129 188565
1503677747 188565
1503680610 197161
1503681148 197161
1503681351 197161
1503682809 197161
1503683027 197044
1503685582 197136
1503685885 197136
1503701077 221633
1503706651 196929
1503707227 198067
1503709405 198146
1503791617 198146
1503943468 198149
1503943616 198149
